   2    3    0    0    0   -0.000000 -0.001022  0.000000
   2    3    1    0    0    0.000000  0.001022  0.000000
   2    4    0   -1    0   -0.001022  0.000000 -0.000000
   2    4    0    0    0    0.001022 -0.000000 -0.000000
   2    3    0    0   -1   -0.000000  0.001022 -0.000000
   2    3    1    0   -1    0.000000 -0.001022 -0.000000
   2    4    0   -1   -1    0.001022  0.000000  0.000000
   2    4    0    0   -1   -0.001022 -0.000000  0.000000
   2    1    0   -1    0    0.000000  0.000000  0.099874
   2    1    0    0    0   -0.000000 -0.000000 -0.099874
   2    1    1   -1    0   -0.000000 -0.000000 -0.099874
   2    1    1    0    0    0.000000  0.000000  0.099874
   2    2    0    0   -1    0.000000  0.000000 -0.000000
   2    2    0    0    1    0.000000  0.000000 -0.000000
   2    2   -1    0    0   -0.000000  0.000000 -0.000000
   2    2    0   -1    0    0.000000 -0.000000 -0.000000
   2    2    0    1    0    0.000000 -0.000000 -0.000000
   2    2    1    0    0   -0.000000  0.000000 -0.000000
   2    1    0   -1   -1   -0.003466 -0.003466 -0.002515
   2    1    0   -1    1    0.003466  0.003466 -0.002515
   2    1    0    0   -1    0.003466 -0.003466  0.002515
   2    1    0    0    1   -0.003466  0.003466  0.002515
   2    1    1   -1   -1   -0.003466  0.003466  0.002515
   2    1    1   -1    1    0.003466 -0.003466  0.002515
   2    1    1    0   -1    0.003466  0.003466 -0.002515
   2    1    1    0    1   -0.003466 -0.003466 -0.002515
   2    3    0   -1    0    0.010384 -0.001849  0.001350
   2    3    0    1    0   -0.010384 -0.001849 -0.001350
   2    3    1   -1    0    0.010384  0.001849 -0.001350
   2    3    1    1    0   -0.010384  0.001849  0.001350
   2    4   -1   -1   -1    0.001849 -0.010384  0.001350
   2    4   -1   -1    0   -0.001849  0.010384  0.001350
   2    4   -1    0   -1   -0.001849 -0.010384 -0.001350
   2    4   -1    0    0    0.001849  0.010384 -0.001350
   2    4    1   -1   -1    0.001849  0.010384 -0.001350
   2    4    1   -1    0   -0.001849 -0.010384 -0.001350
   2    4    1    0   -1   -0.001849  0.010384  0.001350
   2    4    1    0    0    0.001849 -0.010384  0.001350
   2    3    0   -1   -1   -0.010384  0.001849  0.001350
   2    3    0    1   -1    0.010384  0.001849 -0.001350
   2    3    1   -1   -1   -0.010384 -0.001849 -0.001350
   2    3    1    1   -1    0.010384 -0.001849  0.001350
   2    2   -1    0   -1   -0.000000 -0.006439 -0.000000
   2    2   -1    0    1    0.000000  0.006439 -0.000000
   2    2    0   -1   -1   -0.006439 -0.000000 -0.000000
   2    2    0   -1    1    0.006439  0.000000 -0.000000
   2    2    0    1   -1    0.006439  0.000000 -0.000000
   2    2    0    1    1   -0.006439 -0.000000 -0.000000
   2    2    1    0   -1    0.000000  0.006439 -0.000000
   2    2    1    0    1   -0.000000 -0.006439 -0.000000
   2    2   -1   -1    0    0.000000  0.000000 -0.012512
   2    2   -1    1    0   -0.000000 -0.000000  0.012512
   2    2    1   -1    0   -0.000000 -0.000000  0.012512
   2    2    1    1    0    0.000000  0.000000 -0.012512
   2    3    0    0    1   -0.000000  0.003564 -0.000000
   2    3    1    0    1   -0.000000 -0.003564 -0.000000
   2    4    0   -1    1    0.003564  0.000000  0.000000
   2    4    0    0    1   -0.003564  0.000000  0.000000
   2    3    0    0   -2    0.000000 -0.003564  0.000000
   2    3    1    0   -2    0.000000  0.003564  0.000000
   2    4    0   -1   -2   -0.003564 -0.000000 -0.000000
   2    4    0    0   -2    0.003564 -0.000000 -0.000000
   2    3   -1    0    0   -0.000000  0.005138 -0.000000
   2    3    2    0    0    0.000000 -0.005138  0.000000
   2    4    0   -2    0    0.005138  0.000000  0.000000
   2    4    0    1    0   -0.005138 -0.000000 -0.000000
   2    3   -1    0   -1   -0.000000 -0.005138 -0.000000
   2    3    2    0   -1    0.000000  0.005138  0.000000
   2    4    0   -2   -1   -0.005138  0.000000  0.000000
   2    4    0    1   -1    0.005138 -0.000000 -0.000000
   2    1   -1   -1    0    0.000000  0.000000 -0.000498
   2    1   -1    0    0   -0.000000 -0.000000  0.000498
   2    1    0   -2    0    0.000000  0.000000 -0.000498
   2    1    0    1    0   -0.000000 -0.000000  0.000498
   2    1    1   -2    0   -0.000000 -0.000000  0.000498
   2    1    1    1    0    0.000000  0.000000 -0.000498
   2    1    2   -1    0   -0.000000 -0.000000  0.000498
   2    1    2    0    0    0.000000  0.000000 -0.000498
   2    2   -1   -1   -1    0.000234  0.000234  0.000954
   2    2   -1   -1    1   -0.000234 -0.000234  0.000954
   2    2   -1    1   -1   -0.000234  0.000234 -0.000954
   2    2   -1    1    1    0.000234 -0.000234 -0.000954
   2    2    1   -1   -1    0.000234 -0.000234 -0.000954
   2    2    1   -1    1   -0.000234  0.000234 -0.000954
   2    2    1    1   -1   -0.000234 -0.000234  0.000954
   2    2    1    1    1    0.000234  0.000234  0.000954
   2    3    0   -1    1   -0.004972  0.001981  0.001381
   2    3    0    1    1    0.004972  0.001981 -0.001381
   2    3    1   -1    1   -0.004972 -0.001981 -0.001381
   2    3    1    1    1    0.004972 -0.001981  0.001381
   2    4   -1   -1   -2   -0.001981  0.004972  0.001381
   2    4   -1   -1    1    0.001981 -0.004972  0.001381
   2    4   -1    0   -2    0.001981  0.004972 -0.001381
   2    4   -1    0    1   -0.001981 -0.004972 -0.001381
   2    4    1   -1   -2   -0.001981 -0.004972 -0.001381
   2    4    1   -1    1    0.001981  0.004972 -0.001381
   2    4    1    0   -2    0.001981 -0.004972  0.001381
   2    4    1    0    1   -0.001981  0.004972  0.001381
   2    3    0   -1   -2    0.004972 -0.001981  0.001381
   2    3    0    1   -2   -0.004972 -0.001981 -0.001381
   2    3    1   -1   -2    0.004972  0.001981 -0.001381
   2    3    1    1   -2   -0.004972  0.001981  0.001381
   2    1   -1   -1   -1   -0.000767  0.001226 -0.000830
   2    1   -1   -1    1    0.000767 -0.001226 -0.000830
   2    1   -1    0   -1    0.000767  0.001226  0.000830
   2    1   -1    0    1   -0.000767 -0.001226  0.000830
   2    1    2   -1   -1   -0.000767 -0.001226  0.000830
   2    1    2   -1    1    0.000767  0.001226  0.000830
   2    1    2    0   -1    0.000767 -0.001226 -0.000830
   2    1    2    0    1   -0.000767  0.001226 -0.000830
   2    1    0   -2   -1    0.001226 -0.000767 -0.000830
   2    1    0   -2    1   -0.001226  0.000767 -0.000830
   2    1    0    1   -1   -0.001226 -0.000767  0.000830
   2    1    0    1    1    0.001226  0.000767  0.000830
   2    1    1   -2   -1    0.001226  0.000767  0.000830
   2    1    1   -2    1   -0.001226 -0.000767  0.000830
   2    1    1    1   -1   -0.001226  0.000767 -0.000830
   2    1    1    1    1    0.001226 -0.000767 -0.000830
   2    3   -1   -1    0   -0.000849 -0.000077  0.000150
   2    3   -1    1    0    0.000849 -0.000077 -0.000150
   2    3    2   -1    0   -0.000849  0.000077 -0.000150
   2    3    2    1    0    0.000849  0.000077  0.000150
   2    4   -1   -2    0   -0.000077 -0.000849  0.000150
   2    4   -1    1    0    0.000077 -0.000849 -0.000150
   2    4    1   -2    0   -0.000077  0.000849 -0.000150
   2    4    1    1    0    0.000077  0.000849  0.000150
   2    3   -1   -1   -1    0.000849  0.000077  0.000150
   2    3   -1    1   -1   -0.000849  0.000077 -0.000150
   2    3    2   -1   -1    0.000849 -0.000077 -0.000150
   2    3    2    1   -1   -0.000849 -0.000077  0.000150
   2    4   -1   -2   -1    0.000077  0.000849  0.000150
   2    4   -1    1   -1   -0.000077  0.000849 -0.000150
   2    4    1   -2   -1    0.000077 -0.000849 -0.000150
   2    4    1    1   -1   -0.000077 -0.000849  0.000150
   2    2    0    0   -2   -0.000000 -0.000000  0.000000
   2    2    0    0    2   -0.000000 -0.000000  0.000000
   2    2    2    0    0   -0.000000  0.000000  0.000000
   2    2   -2    0    0   -0.000000  0.000000  0.000000
   2    2    0   -2    0    0.000000 -0.000000  0.000000
   2    2    0    2    0    0.000000 -0.000000  0.000000
   2    1    0   -1   -2   -0.000148 -0.000148 -0.000934
   2    1    0    0   -2    0.000148 -0.000148  0.000934
   2    1    1   -1   -2   -0.000148  0.000148  0.000934
   2    1    1    0   -2    0.000148  0.000148 -0.000934
   2    1    0   -1    2    0.000148  0.000148 -0.000934
   2    1    0    0    2   -0.000148  0.000148  0.000934
   2    1    1   -1    2    0.000148 -0.000148  0.000934
   2    1    1    0    2   -0.000148 -0.000148 -0.000934
   2    3   -1    0    1    0.000000  0.000654 -0.000000
   2    3    2    0    1    0.000000 -0.000654 -0.000000
   2    4    0   -2    1    0.000654 -0.000000  0.000000
   2    4    0    1    1   -0.000654 -0.000000  0.000000
   2    3   -1    0   -2   -0.000000 -0.000654  0.000000
   2    3    2    0   -2   -0.000000  0.000654  0.000000
   2    4    0   -2   -2   -0.000654  0.000000 -0.000000
   2    4    0    1   -2    0.000654  0.000000 -0.000000
   2    4    2   -1    0   -0.000916  0.001031 -0.000341
   2    4    2    0    0    0.000916  0.001031  0.000341
   2    4   -2   -1    0   -0.000916 -0.001031  0.000341
   2    4   -2    0    0    0.000916 -0.001031 -0.000341
   2    4    2   -1   -1    0.000916 -0.001031 -0.000341
   2    4    2    0   -1   -0.000916 -0.001031  0.000341
   2    3    0   -2   -1    0.001031  0.000916  0.000341
   2    3    0   -2    0   -0.001031 -0.000916  0.000341
   2    3    0    2   -1   -0.001031  0.000916 -0.000341
   2    3    0    2    0    0.001031 -0.000916 -0.000341
   2    3    1   -2   -1    0.001031 -0.000916 -0.000341
   2    3    1   -2    0   -0.001031  0.000916 -0.000341
   2    3    1    2   -1   -0.001031 -0.000916  0.000341
   2    3    1    2    0    0.001031  0.000916  0.000341
   2    4   -2   -1   -1    0.000916  0.001031  0.000341
   2    4   -2    0   -1   -0.000916  0.001031 -0.000341
   2    1   -1   -2    0   -0.000000 -0.000000  0.001772
   2    1   -1    1    0    0.000000  0.000000 -0.001772
   2    1    2   -2    0    0.000000  0.000000 -0.001772
   2    1    2    1    0   -0.000000 -0.000000  0.001772
   2    2   -1    0   -2   -0.000000  0.000252 -0.000000
   2    2    0   -1   -2    0.000252 -0.000000 -0.000000
   2    2    0    1   -2   -0.000252  0.000000 -0.000000
   2    2    1    0   -2    0.000000 -0.000252 -0.000000
   2    2   -1    0    2    0.000000 -0.000252 -0.000000
   2    2    0   -1    2   -0.000252  0.000000 -0.000000
   2    2    0    1    2    0.000252 -0.000000 -0.000000
   2    2    1    0    2   -0.000000  0.000252 -0.000000
   2    2   -2    0   -1   -0.000000 -0.000024  0.000000
   2    2   -2    0    1   -0.000000  0.000024 -0.000000
   2    2    0   -2   -1   -0.000024 -0.000000  0.000000
   2    2    0   -2    1    0.000024 -0.000000 -0.000000
   2    2    0    2   -1    0.000024 -0.000000 -0.000000
   2    2    0    2    1   -0.000024 -0.000000  0.000000
   2    2    2    0   -1   -0.000000  0.000024 -0.000000
   2    2    2    0    1   -0.000000 -0.000024  0.000000
   2    2   -2   -1    0   -0.000000 -0.000000  0.000644
   2    2   -2    1    0   -0.000000 -0.000000 -0.000644
   2    2    2   -1    0   -0.000000 -0.000000 -0.000644
   2    2    2    1    0   -0.000000 -0.000000  0.000644
   2    2   -1   -2    0   -0.000000 -0.000000  0.000644
   2    2   -1    2    0   -0.000000 -0.000000 -0.000644
   2    2    1   -2    0   -0.000000 -0.000000 -0.000644
   2    2    1    2    0   -0.000000 -0.000000  0.000644
   2    3   -1   -1   -2   -0.001076 -0.000924  0.000225
   2    3   -1   -1    1    0.001076  0.000924  0.000225
   2    3   -1    1   -2    0.001076 -0.000924 -0.000225
   2    3   -1    1    1   -0.001076  0.000924 -0.000225
   2    3    2   -1   -2   -0.001076  0.000924 -0.000225
   2    3    2   -1    1    0.001076 -0.000924 -0.000225
   2    3    2    1   -2    0.001076  0.000924  0.000225
   2    3    2    1    1   -0.001076 -0.000924  0.000225
   2    4   -1   -2   -2   -0.000924 -0.001076  0.000225
   2    4   -1   -2    1    0.000924  0.001076  0.000225
   2    4   -1    1   -2    0.000924 -0.001076 -0.000225
   2    4   -1    1    1   -0.000924  0.001076 -0.000225
   2    4    1   -2   -2   -0.000924  0.001076 -0.000225
   2    4    1   -2    1    0.000924 -0.001076 -0.000225
   2    4    1    1   -2    0.000924  0.001076  0.000225
   2    4    1    1    1   -0.000924 -0.001076  0.000225
   2    1   -1   -2   -1   -0.000621 -0.000621 -0.000190
   2    1   -1   -2    1    0.000621  0.000621 -0.000190
   2    1   -1    1   -1    0.000621 -0.000621  0.000190
   2    1   -1    1    1   -0.000621  0.000621  0.000190
   2    1    2   -2   -1   -0.000621  0.000621  0.000190
   2    1    2   -2    1    0.000621 -0.000621  0.000190
   2    1    2    1   -1    0.000621  0.000621 -0.000190
   2    1    2    1    1   -0.000621 -0.000621 -0.000190
   2    2   -1   -1   -2   -0.000151 -0.000151 -0.000235
   2    2   -1   -1    2    0.000151  0.000151 -0.000235
   2    2   -1    1   -2    0.000151 -0.000151  0.000235
   2    2   -1    1    2   -0.000151  0.000151  0.000235
   2    2    1   -1   -2   -0.000151  0.000151  0.000235
   2    2    1   -1    2    0.000151 -0.000151  0.000235
   2    2    1    1   -2    0.000151  0.000151 -0.000235
   2    2    1    1    2   -0.000151 -0.000151 -0.000235
   2    2   -2   -1   -1    0.000451 -0.000328  0.000036
   2    2   -2   -1    1   -0.000451  0.000328  0.000036
   2    2   -2    1   -1   -0.000451 -0.000328 -0.000036
   2    2   -2    1    1    0.000451  0.000328 -0.000036
   2    2   -1   -2   -1   -0.000328  0.000451  0.000036
   2    2   -1   -2    1    0.000328 -0.000451  0.000036
   2    2   -1    2   -1    0.000328  0.000451 -0.000036
   2    2   -1    2    1   -0.000328 -0.000451 -0.000036
   2    2    1   -2   -1   -0.000328 -0.000451 -0.000036
   2    2    1   -2    1    0.000328  0.000451 -0.000036
   2    2    1    2   -1    0.000328 -0.000451  0.000036
   2    2    1    2    1   -0.000328  0.000451  0.000036
   2    2    2   -1   -1    0.000451  0.000328 -0.000036
   2    2    2   -1    1   -0.000451 -0.000328 -0.000036
   2    2    2    1   -1   -0.000451  0.000328  0.000036
   2    2    2    1    1    0.000451 -0.000328  0.000036
   2    3    0    0   -3    0.000000 -0.001085  0.000000
   2    3    0    0    2   -0.000000  0.001085  0.000000
   2    3    1    0   -3    0.000000  0.001085 -0.000000
   2    3    1    0    2   -0.000000 -0.001085 -0.000000
   2    4    0   -1   -3   -0.001085 -0.000000 -0.000000
   2    4    0   -1    2    0.001085  0.000000 -0.000000
   2    4    0    0   -3    0.001085 -0.000000  0.000000
   2    4    0    0    2   -0.001085  0.000000  0.000000
   2    1   -1   -1   -2    0.000063 -0.000124  0.000155
   2    1   -1   -1    2   -0.000063  0.000124  0.000155
   2    1   -1    0   -2   -0.000063 -0.000124 -0.000155
   2    1   -1    0    2    0.000063  0.000124 -0.000155
   2    1    0   -2   -2   -0.000124  0.000063  0.000155
   2    1    0   -2    2    0.000124 -0.000063  0.000155
   2    1    0    1   -2    0.000124  0.000063 -0.000155
   2    1    0    1    2   -0.000124 -0.000063 -0.000155
   2    1    1   -2   -2   -0.000124 -0.000063 -0.000155
   2    1    1   -2    2    0.000124  0.000063 -0.000155
   2    1    1    1   -2    0.000124 -0.000063  0.000155
   2    1    1    1    2   -0.000124  0.000063  0.000155
   2    1    2   -1   -2    0.000063  0.000124 -0.000155
   2    1    2   -1    2   -0.000063 -0.000124 -0.000155
   2    1    2    0   -2   -0.000063  0.000124  0.000155
   2    1    2    0    2    0.000063 -0.000124  0.000155
   2    3    0   -2    1   -0.000675  0.000143  0.000195
   2    3    0    2    1    0.000675  0.000143 -0.000195
   2    3    1   -2    1   -0.000675 -0.000143 -0.000195
   2    3    1    2    1    0.000675 -0.000143  0.000195
   2    4   -2   -1   -2   -0.000143  0.000675  0.000195
   2    4   -2   -1    1    0.000143 -0.000675  0.000195
   2    4   -2    0   -2    0.000143  0.000675 -0.000195
   2    4   -2    0    1   -0.000143 -0.000675 -0.000195
   2    4    2   -1   -2   -0.000143 -0.000675 -0.000195
   2    4    2   -1    1    0.000143  0.000675 -0.000195
   2    4    2    0   -2    0.000143 -0.000675  0.000195
   2    4    2    0    1   -0.000143  0.000675  0.000195
   2    3    0   -2   -2    0.000675 -0.000143  0.000195
   2    3    0    2   -2   -0.000675 -0.000143 -0.000195
   2    3    1   -2   -2    0.000675  0.000143 -0.000195
   2    3    1    2   -2   -0.000675  0.000143  0.000195
   2    3   -2    0   -1   -0.000000 -0.000846  0.000000
   2    3   -2    0    0    0.000000  0.000846  0.000000
   2    3    3    0   -1   -0.000000  0.000846 -0.000000
   2    3    3    0    0    0.000000 -0.000846 -0.000000
   2    4    0   -3   -1   -0.000846  0.000000 -0.000000
   2    4    0   -3    0    0.000846 -0.000000 -0.000000
   2    4    0    2   -1    0.000846  0.000000  0.000000
   2    4    0    2    0   -0.000846 -0.000000  0.000000
   2    4    2   -2   -1   -0.001105  0.000374 -0.000314
   2    4    2   -2    0    0.001105 -0.000374 -0.000314
   2    4    2    1   -1    0.001105  0.000374  0.000314
   2    4    2    1    0   -0.001105 -0.000374  0.000314
   2    3   -1   -2   -1   -0.000374 -0.001105  0.000314
   2    3   -1   -2    0    0.000374  0.001105  0.000314
   2    3   -1    2   -1    0.000374 -0.001105 -0.000314
   2    3   -1    2    0   -0.000374  0.001105 -0.000314
   2    3    2   -2   -1   -0.000374  0.001105 -0.000314
   2    3    2   -2    0    0.000374 -0.001105 -0.000314
   2    3    2    2   -1    0.000374  0.001105  0.000314
   2    3    2    2    0   -0.000374 -0.001105  0.000314
   2    4   -2   -2   -1   -0.001105 -0.000374  0.000314
   2    4   -2   -2    0    0.001105  0.000374  0.000314
   2    4   -2    1   -1    0.001105 -0.000374 -0.000314
   2    4   -2    1    0   -0.001105  0.000374 -0.000314
   2    1   -2   -1    0    0.000000  0.000000 -0.000066
   2    1   -2    0    0   -0.000000  0.000000  0.000066
   2    1    0   -3    0    0.000000  0.000000 -0.000066
   2    1    0    2    0    0.000000 -0.000000  0.000066
   2    1    1   -3    0    0.000000 -0.000000  0.000066
   2    1    1    2    0    0.000000  0.000000 -0.000066
   2    1    3   -1    0   -0.000000  0.000000  0.000066
   2    1    3    0    0    0.000000  0.000000 -0.000066
   2    3    0   -1   -3    0.000813  0.000444  0.000380
   2    3    0   -1    2   -0.000813 -0.000444  0.000380
   2    3    0    1   -3   -0.000813  0.000444 -0.000380
   2    3    0    1    2    0.000813 -0.000444 -0.000380
   2    3    1   -1   -3    0.000813 -0.000444 -0.000380
   2    3    1   -1    2   -0.000813  0.000444 -0.000380
   2    3    1    1   -3   -0.000813 -0.000444  0.000380
   2    3    1    1    2    0.000813  0.000444  0.000380
   2    4   -1   -1   -3    0.000444  0.000813  0.000380
   2    4   -1   -1    2   -0.000444 -0.000813  0.000380
   2    4   -1    0   -3   -0.000444  0.000813 -0.000380
   2    4   -1    0    2    0.000444 -0.000813 -0.000380
   2    4    1   -1   -3    0.000444 -0.000813 -0.000380
   2    4    1   -1    2   -0.000444  0.000813 -0.000380
   2    4    1    0   -3   -0.000444 -0.000813  0.000380
   2    4    1    0    2    0.000444  0.000813  0.000380
   2    1   -2   -1   -1   -0.000043 -0.000059 -0.000130
   2    1   -2   -1    1    0.000043  0.000059 -0.000130
   2    1   -2    0   -1    0.000043 -0.000059  0.000130
   2    1   -2    0    1   -0.000043  0.000059  0.000130
   2    1    0   -3   -1   -0.000059 -0.000043 -0.000130
   2    1    0   -3    1    0.000059  0.000043 -0.000130
   2    1    0    2   -1    0.000059 -0.000043  0.000130
   2    1    0    2    1   -0.000059  0.000043  0.000130
   2    1    1   -3   -1   -0.000059  0.000043  0.000130
   2    1    1   -3    1    0.000059 -0.000043  0.000130
   2    1    1    2   -1    0.000059  0.000043 -0.000130
   2    1    1    2    1   -0.000059 -0.000043 -0.000130
   2    1    3   -1   -1   -0.000043  0.000059  0.000130
   2    1    3   -1    1    0.000043 -0.000059  0.000130
   2    1    3    0   -1    0.000043  0.000059 -0.000130
   2    1    3    0    1   -0.000043 -0.000059 -0.000130
   2    3   -2   -1   -1   -0.000326  0.000292 -0.000363
   2    3   -2   -1    0    0.000326 -0.000292 -0.000363
   2    3   -2    1   -1    0.000326  0.000292  0.000363
   2    3   -2    1    0   -0.000326 -0.000292  0.000363
   2    3    3   -1   -1   -0.000326 -0.000292  0.000363
   2    3    3   -1    0    0.000326  0.000292  0.000363
   2    3    3    1   -1    0.000326 -0.000292 -0.000363
   2    3    3    1    0   -0.000326  0.000292 -0.000363
   2    4   -1   -3   -1    0.000292 -0.000326 -0.000363
   2    4   -1   -3    0   -0.000292  0.000326 -0.000363
   2    4   -1    2   -1   -0.000292 -0.000326  0.000363
   2    4   -1    2    0    0.000292  0.000326  0.000363
   2    4    1   -3   -1    0.000292  0.000326  0.000363
   2    4    1   -3    0   -0.000292 -0.000326  0.000363
   2    4    1    2   -1   -0.000292  0.000326 -0.000363
   2    4    1    2    0    0.000292 -0.000326 -0.000363
   2    2   -2    0   -2   -0.000000  0.000138 -0.000000
   2    2    0   -2   -2    0.000138 -0.000000 -0.000000
   2    2    0    2   -2   -0.000138  0.000000 -0.000000
   2    2    2    0   -2    0.000000 -0.000138 -0.000000
   2    2    2    0    2   -0.000000  0.000138 -0.000000
   2    2   -2    0    2    0.000000 -0.000138 -0.000000
   2    2    0   -2    2   -0.000138  0.000000 -0.000000
   2    2    0    2    2    0.000138 -0.000000 -0.000000
   2    2   -2   -2    0   -0.000000 -0.000000 -0.000169
   2    2   -2    2    0   -0.000000 -0.000000  0.000169
   2    2    2   -2    0   -0.000000 -0.000000  0.000169
   2    2    2    2    0   -0.000000 -0.000000 -0.000169
   2    3   -1    0   -3   -0.000000  0.000977  0.000000
   2    3   -1    0    2    0.000000 -0.000977  0.000000
   2    3    2    0   -3   -0.000000 -0.000977 -0.000000
   2    3    2    0    2    0.000000  0.000977 -0.000000
   2    4    0   -2   -3    0.000977  0.000000 -0.000000
   2    4    0   -2    2   -0.000977 -0.000000 -0.000000
   2    4    0    1   -3   -0.000977  0.000000  0.000000
   2    4    0    1    2    0.000977 -0.000000  0.000000
   2    1   -1   -2   -2    0.000041  0.000041 -0.000001
   2    1   -1    1   -2   -0.000041  0.000041  0.000001
   2    1    2   -2   -2    0.000041 -0.000041  0.000001
   2    1    2    1   -2   -0.000041 -0.000041 -0.000001
   2    1   -1   -2    2   -0.000041 -0.000041 -0.000001
   2    1   -1    1    2    0.000041 -0.000041  0.000001
   2    1    2   -2    2   -0.000041  0.000041  0.000001
   2    1    2    1    2    0.000041  0.000041 -0.000001
   2    3   -2    0   -2    0.000000  0.000249 -0.000000
   2    3   -2    0    1   -0.000000 -0.000249 -0.000000
   2    3    3    0   -2    0.000000 -0.000249  0.000000
   2    3    3    0    1   -0.000000  0.000249  0.000000
   2    4    0   -3   -2    0.000249 -0.000000  0.000000
   2    4    0   -3    1   -0.000249  0.000000  0.000000
   2    4    0    2   -2   -0.000249 -0.000000 -0.000000
   2    4    0    2    1    0.000249  0.000000 -0.000000
   2    4    2   -2   -2    0.000394 -0.000151  0.000040
   2    4    2   -2    1   -0.000394  0.000151  0.000040
   2    4    2    1   -2   -0.000394 -0.000151 -0.000040
   2    4    2    1    1    0.000394  0.000151 -0.000040
   2    3   -1   -2   -2    0.000151  0.000394 -0.000040
   2    3   -1   -2    1   -0.000151 -0.000394 -0.000040
   2    3   -1    2   -2   -0.000151  0.000394  0.000040
   2    3   -1    2    1    0.000151 -0.000394  0.000040
   2    3    2   -2   -2    0.000151 -0.000394  0.000040
   2    3    2   -2    1   -0.000151  0.000394  0.000040
   2    3    2    2   -2   -0.000151 -0.000394 -0.000040
   2    3    2    2    1    0.000151  0.000394 -0.000040
   2    4   -2   -2   -2    0.000394  0.000151 -0.000040
   2    4   -2   -2    1   -0.000394 -0.000151 -0.000040
   2    4   -2    1   -2   -0.000394  0.000151  0.000040
   2    4   -2    1    1    0.000394 -0.000151  0.000040
   2    1   -2   -2    0   -0.000000 -0.000000 -0.000125
   2    1   -2    1    0   -0.000000 -0.000000  0.000125
   2    1   -1   -3    0   -0.000000 -0.000000 -0.000125
   2    1   -1    2    0   -0.000000 -0.000000  0.000125
   2    1    2   -3    0   -0.000000 -0.000000  0.000125
   2    1    2    2    0   -0.000000 -0.000000 -0.000125
   2    1    3   -2    0   -0.000000 -0.000000  0.000125
   2    1    3    1    0   -0.000000 -0.000000 -0.000125
   2    2    0    0   -3   -0.000000 -0.000000 -0.000000
   2    2    0    0    3   -0.000000 -0.000000 -0.000000
   2    2   -2   -1   -2    0.000020  0.000042  0.000041
   2    2   -2   -1    2   -0.000020 -0.000042  0.000041
   2    2   -2    1   -2   -0.000020  0.000042 -0.000041
   2    2   -2    1    2    0.000020 -0.000042 -0.000041
   2    2   -1   -2   -2    0.000042  0.000020  0.000041
   2    2   -1    2   -2   -0.000042  0.000020 -0.000041
   2    2    1   -2   -2    0.000042 -0.000020 -0.000041
   2    2    1    2   -2   -0.000042 -0.000020  0.000041
   2    2    2   -1   -2    0.000020 -0.000042 -0.000041
   2    2    2   -1    2   -0.000020  0.000042 -0.000041
   2    2    2    1   -2   -0.000020 -0.000042  0.000041
   2    2    2    1    2    0.000020  0.000042  0.000041
   2    2   -1   -2    2   -0.000042 -0.000020  0.000041
   2    2   -1    2    2    0.000042 -0.000020 -0.000041
   2    2    1   -2    2   -0.000042  0.000020 -0.000041
   2    2    1    2    2    0.000042  0.000020  0.000041
   2    2   -2   -2   -1    0.000297  0.000297  0.000124
   2    2   -2   -2    1   -0.000297 -0.000297  0.000124
   2    2   -2    2   -1   -0.000297  0.000297 -0.000124
   2    2   -2    2    1    0.000297 -0.000297 -0.000124
   2    2    2   -2   -1    0.000297 -0.000297 -0.000124
   2    2    2   -2    1   -0.000297  0.000297 -0.000124
   2    2    2    2   -1   -0.000297 -0.000297  0.000124
   2    2    2    2    1    0.000297  0.000297  0.000124
   2    2   -3    0    0    0.000000 -0.000000 -0.000000
   2    2    0   -3    0   -0.000000  0.000000 -0.000000
   2    2    0    3    0   -0.000000  0.000000 -0.000000
   2    2    3    0    0    0.000000 -0.000000 -0.000000
   2    1    0   -1   -3    0.000152  0.000152 -0.000027
   2    1    0   -1    3   -0.000152 -0.000152 -0.000027
   2    1    0    0   -3   -0.000152  0.000152  0.000027
   2    1    0    0    3    0.000152 -0.000152  0.000027
   2    1    1   -1   -3    0.000152 -0.000152  0.000027
   2    1    1   -1    3   -0.000152  0.000152  0.000027
   2    1    1    0   -3   -0.000152 -0.000152 -0.000027
   2    1    1    0    3    0.000152  0.000152 -0.000027
   2    3   -1   -1   -3   -0.000356 -0.000450  0.000030
   2    3   -1   -1    2    0.000356  0.000450  0.000030
   2    3   -1    1   -3    0.000356 -0.000450 -0.000030
   2    3   -1    1    2   -0.000356  0.000450 -0.000030
   2    3    2   -1   -3   -0.000356  0.000450 -0.000030
   2    3    2   -1    2    0.000356 -0.000450 -0.000030
   2    3    2    1   -3    0.000356  0.000450  0.000030
   2    3    2    1    2   -0.000356 -0.000450  0.000030
   2    4   -1   -2   -3   -0.000450 -0.000356  0.000030
   2    4   -1   -2    2    0.000450  0.000356  0.000030
   2    4   -1    1   -3    0.000450 -0.000356 -0.000030
   2    4   -1    1    2   -0.000450  0.000356 -0.000030
   2    4    1   -2   -3   -0.000450  0.000356 -0.000030
   2    4    1   -2    2    0.000450 -0.000356 -0.000030
   2    4    1    1   -3    0.000450  0.000356  0.000030
   2    4    1    1    2   -0.000450 -0.000356  0.000030
   2    3   -2   -1   -2   -0.000176 -0.000007 -0.000141
   2    3   -2   -1    1    0.000176  0.000007 -0.000141
   2    3   -2    1   -2    0.000176 -0.000007  0.000141
   2    3   -2    1    1   -0.000176  0.000007  0.000141
   2    3    3   -1   -2   -0.000176  0.000007  0.000141
   2    3    3   -1    1    0.000176 -0.000007  0.000141
   2    3    3    1   -2    0.000176  0.000007 -0.000141
   2    3    3    1    1   -0.000176 -0.000007 -0.000141
   2    4   -1   -3   -2   -0.000007 -0.000176 -0.000141
   2    4   -1   -3    1    0.000007  0.000176 -0.000141
   2    4   -1    2   -2    0.000007 -0.000176  0.000141
   2    4   -1    2    1   -0.000007  0.000176  0.000141
   2    4    1   -3   -2   -0.000007  0.000176  0.000141
   2    4    1   -3    1    0.000007 -0.000176  0.000141
   2    4    1    2   -2    0.000007  0.000176 -0.000141
   2    4    1    2    1   -0.000007 -0.000176 -0.000141
   2    1   -2   -2   -1   -0.000164  0.000272 -0.000028
   2    1   -2   -2    1    0.000164 -0.000272 -0.000028
   2    1   -2    1   -1    0.000164  0.000272  0.000028
   2    1   -2    1    1   -0.000164 -0.000272  0.000028
   2    1   -1   -3   -1    0.000272 -0.000164 -0.000028
   2    1   -1   -3    1   -0.000272  0.000164 -0.000028
   2    1   -1    2   -1   -0.000272 -0.000164  0.000028
   2    1   -1    2    1    0.000272  0.000164  0.000028
   2    1    2   -3   -1    0.000272  0.000164  0.000028
   2    1    2   -3    1   -0.000272 -0.000164  0.000028
   2    1    2    2   -1   -0.000272  0.000164 -0.000028
   2    1    2    2    1    0.000272 -0.000164 -0.000028
   2    1    3   -2   -1   -0.000164 -0.000272  0.000028
   2    1    3   -2    1    0.000164  0.000272  0.000028
   2    1    3    1   -1    0.000164 -0.000272 -0.000028
   2    1    3    1    1   -0.000164  0.000272 -0.000028
   2    4   -3   -1   -1    0.000177  0.000115  0.000138
   2    4   -3   -1    0   -0.000177 -0.000115  0.000138
   2    4   -3    0   -1   -0.000177  0.000115 -0.000138
   2    4   -3    0    0    0.000177 -0.000115 -0.000138
   2    3    0   -3   -1    0.000115  0.000177  0.000138
   2    3    0   -3    0   -0.000115 -0.000177  0.000138
   2    3    0    3   -1   -0.000115  0.000177 -0.000138
   2    3    0    3    0    0.000115 -0.000177 -0.000138
   2    3    1   -3   -1    0.000115 -0.000177 -0.000138
   2    3    1   -3    0   -0.000115  0.000177 -0.000138
   2    3    1    3   -1   -0.000115 -0.000177  0.000138
   2    3    1    3    0    0.000115  0.000177  0.000138
   2    4    3   -1   -1    0.000177 -0.000115 -0.000138
   2    4    3   -1    0   -0.000177  0.000115 -0.000138
   2    4    3    0   -1   -0.000177 -0.000115  0.000138
   2    4    3    0    0    0.000177  0.000115  0.000138
   2    2   -1    0   -3   -0.000000 -0.000065  0.000000
   2    2   -1    0    3    0.000000  0.000065 -0.000000
   2    2    0   -1   -3   -0.000065 -0.000000  0.000000
   2    2    0   -1    3    0.000065  0.000000 -0.000000
   2    2    0    1   -3    0.000065  0.000000 -0.000000
   2    2    0    1    3   -0.000065 -0.000000  0.000000
   2    2    1    0   -3    0.000000  0.000065 -0.000000
   2    2    1    0    3   -0.000000 -0.000065  0.000000
   2    2   -3    0   -1   -0.000000  0.000088  0.000000
   2    2   -3    0    1   -0.000000 -0.000088  0.000000
   2    2    0   -3   -1    0.000088 -0.000000  0.000000
   2    2    0   -3    1   -0.000088 -0.000000  0.000000
   2    2    0    3   -1   -0.000088 -0.000000  0.000000
   2    2    0    3    1    0.000088 -0.000000  0.000000
   2    2    3    0   -1   -0.000000 -0.000088  0.000000
   2    2    3    0    1   -0.000000  0.000088  0.000000
   2    2   -3   -1    0   -0.000000  0.000000 -0.000102
   2    2   -3    1    0   -0.000000 -0.000000  0.000102
   2    2   -1   -3    0    0.000000 -0.000000 -0.000102
   2    2   -1    3    0   -0.000000 -0.000000  0.000102
   2    2    1   -3    0   -0.000000 -0.000000  0.000102
   2    2    1    3    0    0.000000 -0.000000 -0.000102
   2    2    3   -1    0   -0.000000 -0.000000  0.000102
   2    2    3    1    0   -0.000000  0.000000 -0.000102
   2    4    2   -1   -3    0.000403  0.000290  0.000015
   2    4    2   -1    2   -0.000403 -0.000290  0.000015
   2    4    2    0   -3   -0.000403  0.000290 -0.000015
   2    4    2    0    2    0.000403 -0.000290 -0.000015
   2    3    0   -2   -3   -0.000290  0.000403 -0.000015
   2    3    0   -2    2    0.000290 -0.000403 -0.000015
   2    3    0    2   -3    0.000290  0.000403  0.000015
   2    3    0    2    2   -0.000290 -0.000403  0.000015
   2    3    1   -2   -3   -0.000290 -0.000403  0.000015
   2    3    1   -2    2    0.000290  0.000403  0.000015
   2    3    1    2   -3    0.000290 -0.000403 -0.000015
   2    3    1    2    2   -0.000290  0.000403 -0.000015
   2    4   -2   -1   -3    0.000403 -0.000290 -0.000015
   2    4   -2   -1    2   -0.000403  0.000290 -0.000015
   2    4   -2    0   -3   -0.000403 -0.000290  0.000015
   2    4   -2    0    2    0.000403  0.000290  0.000015
   2    1   -2   -1   -2    0.000004  0.000067 -0.000036
   2    1   -2   -1    2   -0.000004 -0.000067 -0.000036
   2    1   -2    0   -2   -0.000004  0.000067  0.000036
   2    1   -2    0    2    0.000004 -0.000067  0.000036
   2    1    0   -3   -2    0.000067  0.000004 -0.000036
   2    1    0   -3    2   -0.000067 -0.000004 -0.000036
   2    1    0    2   -2   -0.000067  0.000004  0.000036
   2    1    0    2    2    0.000067 -0.000004  0.000036
   2    1    1   -3   -2    0.000067 -0.000004  0.000036
   2    1    1   -3    2   -0.000067  0.000004  0.000036
   2    1    1    2   -2   -0.000067 -0.000004 -0.000036
   2    1    1    2    2    0.000067  0.000004 -0.000036
   2    1    3   -1   -2    0.000004 -0.000067  0.000036
   2    1    3   -1    2   -0.000004  0.000067  0.000036
   2    1    3    0   -2   -0.000004 -0.000067 -0.000036
   2    1    3    0    2    0.000004  0.000067 -0.000036
   2    4    2   -3   -1    0.000653 -0.000586  0.000166
   2    4    2   -3    0   -0.000653  0.000586  0.000166
   2    4    2    2   -1   -0.000653 -0.000586 -0.000166
   2    4    2    2    0    0.000653  0.000586 -0.000166
   2    3   -2   -2   -1    0.000586  0.000653 -0.000166
   2    3   -2   -2    0   -0.000586 -0.000653 -0.000166
   2    3   -2    2   -1   -0.000586  0.000653  0.000166
   2    3   -2    2    0    0.000586 -0.000653  0.000166
   2    3    3   -2   -1    0.000586 -0.000653  0.000166
   2    3    3   -2    0   -0.000586  0.000653  0.000166
   2    3    3    2   -1   -0.000586 -0.000653 -0.000166
   2    3    3    2    0    0.000586  0.000653 -0.000166
   2    4   -2   -3   -1    0.000653  0.000586 -0.000166
   2    4   -2   -3    0   -0.000653 -0.000586 -0.000166
   2    4   -2    2   -1   -0.000653  0.000586  0.000166
   2    4   -2    2    0    0.000653 -0.000586  0.000166
   2    2   -1   -1   -3   -0.000033 -0.000033 -0.000057
   2    2   -1   -1    3    0.000033  0.000033 -0.000057
   2    2   -1    1   -3    0.000033 -0.000033  0.000057
   2    2   -1    1    3   -0.000033  0.000033  0.000057
   2    2    1   -1   -3   -0.000033  0.000033  0.000057
   2    2    1   -1    3    0.000033 -0.000033  0.000057
   2    2    1    1   -3    0.000033  0.000033 -0.000057
   2    2    1    1    3   -0.000033 -0.000033 -0.000057
   2    2   -3   -1   -1   -0.000007  0.000078  0.000095
   2    2   -3   -1    1    0.000007 -0.000078  0.000095
   2    2   -3    1   -1    0.000007  0.000078 -0.000095
   2    2   -3    1    1   -0.000007 -0.000078 -0.000095
   2    2   -1   -3   -1    0.000078 -0.000007  0.000095
   2    2   -1   -3    1   -0.000078  0.000007  0.000095
   2    2   -1    3   -1   -0.000078 -0.000007 -0.000095
   2    2   -1    3    1    0.000078  0.000007 -0.000095
   2    2    1   -3   -1    0.000078  0.000007 -0.000095
   2    2    1   -3    1   -0.000078 -0.000007 -0.000095
   2    2    1    3   -1   -0.000078  0.000007  0.000095
   2    2    1    3    1    0.000078 -0.000007  0.000095
   2    2    3   -1   -1   -0.000007 -0.000078 -0.000095
   2    2    3   -1    1    0.000007  0.000078 -0.000095
   2    2    3    1   -1    0.000007 -0.000078  0.000095
   2    2    3    1    1   -0.000007  0.000078  0.000095
   2    1   -1   -1   -3    0.000026  0.000072 -0.000047
   2    1   -1   -1    3   -0.000026 -0.000072 -0.000047
   2    1   -1    0   -3   -0.000026  0.000072  0.000047
   2    1   -1    0    3    0.000026 -0.000072  0.000047
   2    1    0   -2   -3    0.000072  0.000026 -0.000047
   2    1    0   -2    3   -0.000072 -0.000026 -0.000047
   2    1    0    1   -3   -0.000072  0.000026  0.000047
   2    1    0    1    3    0.000072 -0.000026  0.000047
   2    1    1   -2   -3    0.000072 -0.000026  0.000047
   2    1    1   -2    3   -0.000072  0.000026  0.000047
   2    1    1    1   -3   -0.000072 -0.000026 -0.000047
   2    1    1    1    3    0.000072  0.000026 -0.000047
   2    1    2   -1   -3    0.000026 -0.000072  0.000047
   2    1    2   -1    3   -0.000026  0.000072  0.000047
   2    1    2    0   -3   -0.000026 -0.000072 -0.000047
   2    1    2    0    3    0.000026  0.000072 -0.000047
   2    4   -3   -1   -2    0.000010 -0.000079  0.000014
   2    4   -3   -1    1   -0.000010  0.000079  0.000014
   2    4   -3    0   -2   -0.000010 -0.000079 -0.000014
   2    4   -3    0    1    0.000010  0.000079 -0.000014
   2    3    0   -3   -2   -0.000079  0.000010  0.000014
   2    3    0   -3    1    0.000079 -0.000010  0.000014
   2    3    0    3   -2    0.000079  0.000010 -0.000014
   2    3    0    3    1   -0.000079 -0.000010 -0.000014
   2    3    1   -3   -2   -0.000079 -0.000010 -0.000014
   2    3    1   -3    1    0.000079  0.000010 -0.000014
   2    3    1    3   -2    0.000079 -0.000010  0.000014
   2    3    1    3    1   -0.000079  0.000010  0.000014
   2    4    3   -1   -2    0.000010  0.000079 -0.000014
   2    4    3   -1    1   -0.000010 -0.000079 -0.000014
   2    4    3    0   -2   -0.000010  0.000079  0.000014
   2    4    3    0    1    0.000010 -0.000079  0.000014
   2    4   -3   -2   -1   -0.000070 -0.000315  0.000103
   2    4   -3   -2    0    0.000070  0.000315  0.000103
   2    4   -3    1   -1    0.000070 -0.000315 -0.000103
   2    4   -3    1    0   -0.000070  0.000315 -0.000103
   2    3   -1   -3   -1   -0.000315 -0.000070  0.000103
   2    3   -1   -3    0    0.000315  0.000070  0.000103
   2    3   -1    3   -1    0.000315 -0.000070 -0.000103
   2    3   -1    3    0   -0.000315  0.000070 -0.000103
   2    3    2   -3   -1   -0.000315  0.000070 -0.000103
   2    3    2   -3    0    0.000315 -0.000070 -0.000103
   2    3    2    3   -1    0.000315  0.000070  0.000103
   2    3    2    3    0   -0.000315 -0.000070  0.000103
   2    4    3   -2   -1   -0.000070  0.000315 -0.000103
   2    4    3   -2    0    0.000070 -0.000315 -0.000103
   2    4    3    1   -1    0.000070  0.000315  0.000103
   2    4    3    1    0   -0.000070 -0.000315  0.000103
   2    2   -2   -2   -2   -0.000047 -0.000047  0.000052
   2    2   -2   -2    2    0.000047  0.000047  0.000052
   2    2   -2    2   -2    0.000047 -0.000047 -0.000052
   2    2   -2    2    2   -0.000047  0.000047 -0.000052
   2    2    2   -2   -2   -0.000047  0.000047 -0.000052
   2    2    2   -2    2    0.000047 -0.000047 -0.000052
   2    2    2    2   -2    0.000047  0.000047  0.000052
   2    2    2    2    2   -0.000047 -0.000047  0.000052
   2    3    0    0   -4   -0.000000  0.000497  0.000000
   2    3    0    0    3   -0.000000 -0.000497  0.000000
   2    3    1    0   -4    0.000000 -0.000497 -0.000000
   2    3    1    0    3    0.000000  0.000497 -0.000000
   2    4    0   -1   -4    0.000497  0.000000 -0.000000
   2    4    0   -1    3   -0.000497  0.000000 -0.000000
   2    4    0    0   -4   -0.000497 -0.000000  0.000000
   2    4    0    0    3    0.000497 -0.000000  0.000000
   2    3   -2    0   -3    0.000000 -0.000452 -0.000000
   2    3   -2    0    2    0.000000  0.000452 -0.000000
   2    3    3    0   -3   -0.000000  0.000452  0.000000
   2    3    3    0    2   -0.000000 -0.000452  0.000000
   2    4    0   -3   -3   -0.000452 -0.000000  0.000000
   2    4    0   -3    2    0.000452 -0.000000  0.000000
   2    4    0    2   -3    0.000452  0.000000 -0.000000
   2    4    0    2    2   -0.000452  0.000000 -0.000000
   2    4    2   -2   -3    0.000178 -0.000304  0.000064
   2    4    2   -2    2   -0.000178  0.000304  0.000064
   2    4    2    1   -3   -0.000178 -0.000304 -0.000064
   2    4    2    1    2    0.000178  0.000304 -0.000064
   2    3   -1   -2   -3    0.000304  0.000178 -0.000064
   2    3   -1   -2    2   -0.000304 -0.000178 -0.000064
   2    3   -1    2   -3   -0.000304  0.000178  0.000064
   2    3   -1    2    2    0.000304 -0.000178  0.000064
   2    3    2   -2   -3    0.000304 -0.000178  0.000064
   2    3    2   -2    2   -0.000304  0.000178  0.000064
   2    3    2    2   -3   -0.000304 -0.000178 -0.000064
   2    3    2    2    2    0.000304  0.000178 -0.000064
   2    4   -2   -2   -3    0.000178  0.000304 -0.000064
   2    4   -2   -2    2   -0.000178 -0.000304 -0.000064
   2    4   -2    1   -3   -0.000178  0.000304  0.000064
   2    4   -2    1    2    0.000178 -0.000304  0.000064
   2    1   -2   -2   -2   -0.000018 -0.000006 -0.000014
   2    1   -2   -2    2    0.000018  0.000006 -0.000014
   2    1   -2    1   -2    0.000018 -0.000006  0.000014
   2    1   -2    1    2   -0.000018  0.000006  0.000014
   2    1   -1   -3   -2   -0.000006 -0.000018 -0.000014
   2    1   -1   -3    2    0.000006  0.000018 -0.000014
   2    1   -1    2   -2    0.000006 -0.000018  0.000014
   2    1   -1    2    2   -0.000006  0.000018  0.000014
   2    1    2   -3   -2   -0.000006  0.000018  0.000014
   2    1    2   -3    2    0.000006 -0.000018  0.000014
   2    1    2    2   -2    0.000006  0.000018 -0.000014
   2    1    2    2    2   -0.000006 -0.000018 -0.000014
   2    1    3   -2   -2   -0.000018  0.000006  0.000014
   2    1    3   -2    2    0.000018 -0.000006  0.000014
   2    1    3    1   -2    0.000018  0.000006 -0.000014
   2    1    3    1    2   -0.000018 -0.000006 -0.000014
   2    4    2   -3   -2    0.000119 -0.000001  0.000002
   2    4    2   -3    1   -0.000119  0.000001  0.000002
   2    4    2    2   -2   -0.000119 -0.000001 -0.000002
   2    4    2    2    1    0.000119  0.000001 -0.000002
   2    3   -2   -2   -2    0.000001  0.000119 -0.000002
   2    3   -2   -2    1   -0.000001 -0.000119 -0.000002
   2    3   -2    2   -2   -0.000001  0.000119  0.000002
   2    3   -2    2    1    0.000001 -0.000119  0.000002
   2    3    3   -2   -2    0.000001 -0.000119  0.000002
   2    3    3   -2    1   -0.000001  0.000119  0.000002
   2    3    3    2   -2   -0.000001 -0.000119 -0.000002
   2    3    3    2    1    0.000001  0.000119 -0.000002
   2    4   -2   -3   -2    0.000119  0.000001 -0.000002
   2    4   -2   -3    1   -0.000119 -0.000001 -0.000002
   2    4   -2    2   -2   -0.000119  0.000001  0.000002
   2    4   -2    2    1    0.000119 -0.000001  0.000002
   2    3   -3    0   -1   -0.000000 -0.000124 -0.000000
   2    3   -3    0    0    0.000000  0.000124 -0.000000
   2    3    4    0   -1   -0.000000  0.000124  0.000000
   2    3    4    0    0    0.000000 -0.000124  0.000000
   2    4    0   -4   -1   -0.000124  0.000000  0.000000
   2    4    0   -4    0    0.000124 -0.000000  0.000000
   2    4    0    3   -1    0.000124  0.000000 -0.000000
   2    4    0    3    0   -0.000124 -0.000000 -0.000000
   2    1   -2   -3    0   -0.000000 -0.000000 -0.000130
   2    1   -2    2    0    0.000000  0.000000  0.000130
   2    1    3   -3    0    0.000000  0.000000  0.000130
   2    1    3    2    0   -0.000000 -0.000000 -0.000130
   2    1   -3   -1    0    0.000000  0.000000  0.000033
   2    1   -3    0    0   -0.000000  0.000000 -0.000033
   2    1    0   -4    0    0.000000  0.000000  0.000033
   2    1    0    3    0    0.000000 -0.000000 -0.000033
   2    1    1   -4    0    0.000000 -0.000000 -0.000033
   2    1    1    3    0    0.000000  0.000000  0.000033
   2    1    4   -1    0   -0.000000  0.000000 -0.000033
   2    1    4    0    0    0.000000  0.000000  0.000033
   2    2   -2    0   -3   -0.000000 -0.000103  0.000000
   2    2   -2    0    3    0.000000  0.000103 -0.000000
   2    2    0   -2   -3   -0.000103 -0.000000  0.000000
   2    2    0   -2    3    0.000103  0.000000 -0.000000
   2    2    0    2   -3    0.000103  0.000000 -0.000000
   2    2    0    2    3   -0.000103 -0.000000  0.000000
   2    2    2    0   -3    0.000000  0.000103 -0.000000
   2    2    2    0    3   -0.000000 -0.000103  0.000000
   2    2   -3    0   -2   -0.000000 -0.000019 -0.000000
   2    2   -3    0    2    0.000000  0.000019 -0.000000
   2    2    0   -3   -2   -0.000019 -0.000000 -0.000000
   2    2    0    3   -2    0.000019  0.000000 -0.000000
   2    2    0   -3    2    0.000019  0.000000 -0.000000
   2    2    0    3    2   -0.000019 -0.000000 -0.000000
   2    2    3    0   -2    0.000000  0.000019 -0.000000
   2    2    3    0    2   -0.000000 -0.000019 -0.000000
   2    2   -3   -2    0   -0.000000 -0.000000 -0.000044
   2    2   -3    2    0    0.000000 -0.000000  0.000044
   2    2   -2   -3    0   -0.000000 -0.000000 -0.000044
   2    2   -2    3    0   -0.000000  0.000000  0.000044
   2    2    2   -3    0   -0.000000  0.000000  0.000044
   2    2    2    3    0   -0.000000 -0.000000 -0.000044
   2    2    3   -2    0    0.000000 -0.000000  0.000044
   2    2    3    2    0   -0.000000 -0.000000 -0.000044
   2    3    0   -1   -4   -0.000208  0.000124  0.000035
   2    3    0   -1    3    0.000208 -0.000124  0.000035
   2    3    0    1   -4    0.000208  0.000124 -0.000035
   2    3    0    1    3   -0.000208 -0.000124 -0.000035
   2    3    1   -1   -4   -0.000208 -0.000124 -0.000035
   2    3    1   -1    3    0.000208  0.000124 -0.000035
   2    3    1    1   -4    0.000208 -0.000124  0.000035
   2    3    1    1    3   -0.000208  0.000124  0.000035
   2    4   -1   -1   -4    0.000124 -0.000208  0.000035
   2    4   -1   -1    3   -0.000124  0.000208  0.000035
   2    4   -1    0   -4   -0.000124 -0.000208 -0.000035
   2    4   -1    0    3    0.000124  0.000208 -0.000035
   2    4    1   -1   -4    0.000124  0.000208 -0.000035
   2    4    1   -1    3   -0.000124 -0.000208 -0.000035
   2    4    1    0   -4   -0.000124  0.000208  0.000035
   2    4    1    0    3    0.000124 -0.000208  0.000035
   2    1   -1   -2   -3   -0.000047 -0.000047  0.000009
   2    1   -1   -2    3    0.000047  0.000047  0.000009
   2    1   -1    1   -3    0.000047 -0.000047 -0.000009
   2    1   -1    1    3   -0.000047  0.000047 -0.000009
   2    1    2   -2   -3   -0.000047  0.000047 -0.000009
   2    1    2   -2    3    0.000047 -0.000047 -0.000009
   2    1    2    1   -3    0.000047  0.000047  0.000009
   2    1    2    1    3   -0.000047 -0.000047  0.000009
   2    3   -2   -1   -3    0.000029 -0.000056  0.000026
   2    3   -2   -1    2   -0.000029  0.000056  0.000026
   2    3   -2    1   -3   -0.000029 -0.000056 -0.000026
   2    3   -2    1    2    0.000029  0.000056 -0.000026
   2    3    3   -1   -3    0.000029  0.000056 -0.000026
   2    3    3   -1    2   -0.000029 -0.000056 -0.000026
   2    3    3    1   -3   -0.000029  0.000056  0.000026
   2    3    3    1    2    0.000029 -0.000056  0.000026
   2    4   -1   -3   -3   -0.000056  0.000029  0.000026
   2    4   -1   -3    2    0.000056 -0.000029  0.000026
   2    4   -1    2   -3    0.000056  0.000029 -0.000026
   2    4   -1    2    2   -0.000056 -0.000029 -0.000026
   2    4    1   -3   -3   -0.000056 -0.000029 -0.000026
   2    4    1   -3    2    0.000056  0.000029 -0.000026
   2    4    1    2   -3    0.000056 -0.000029  0.000026
   2    4    1    2    2   -0.000056  0.000029  0.000026
   2    3   -1   -3   -2   -0.000131  0.000115  0.000035
   2    3   -1   -3    1    0.000131 -0.000115  0.000035
   2    3   -1    3   -2    0.000131  0.000115 -0.000035
   2    3   -1    3    1   -0.000131 -0.000115 -0.000035
   2    3    2   -3   -2   -0.000131 -0.000115 -0.000035
   2    3    2   -3    1    0.000131  0.000115 -0.000035
   2    3    2    3   -2    0.000131 -0.000115  0.000035
   2    3    2    3    1   -0.000131  0.000115  0.000035
   2    4   -3   -2   -2    0.000115 -0.000131  0.000035
   2    4   -3   -2    1   -0.000115  0.000131  0.000035
   2    4   -3    1   -2   -0.000115 -0.000131 -0.000035
   2    4   -3    1    1    0.000115  0.000131 -0.000035
   2    4    3   -2   -2    0.000115  0.000131 -0.000035
   2    4    3   -2    1   -0.000115 -0.000131 -0.000035
   2    4    3    1   -2   -0.000115  0.000131  0.000035
   2    4    3    1    1    0.000115 -0.000131  0.000035
   2    1   -2   -3   -1   -0.000111 -0.000111 -0.000153
   2    1   -2   -3    1    0.000111  0.000111 -0.000153
   2    1   -2    2   -1    0.000111 -0.000111  0.000153
   2    1   -2    2    1   -0.000111  0.000111  0.000153
   2    1    3   -3   -1   -0.000111  0.000111  0.000153
   2    1    3   -3    1    0.000111 -0.000111  0.000153
   2    1    3    2   -1    0.000111  0.000111 -0.000153
   2    1    3    2    1   -0.000111 -0.000111 -0.000153
   2    1   -3   -1   -1   -0.000002  0.000031 -0.000011
   2    1   -3   -1    1    0.000002 -0.000031 -0.000011
   2    1   -3    0   -1    0.000002  0.000031  0.000011
   2    1   -3    0    1   -0.000002 -0.000031  0.000011
   2    1    0   -4   -1    0.000031 -0.000002 -0.000011
   2    1    0   -4    1   -0.000031  0.000002 -0.000011
   2    1    0    3   -1   -0.000031 -0.000002  0.000011
   2    1    0    3    1    0.000031  0.000002  0.000011
   2    1    1   -4   -1    0.000031  0.000002  0.000011
   2    1    1   -4    1   -0.000031 -0.000002  0.000011
   2    1    1    3   -1   -0.000031  0.000002 -0.000011
   2    1    1    3    1    0.000031 -0.000002 -0.000011
   2    1    4   -1   -1   -0.000002 -0.000031  0.000011
   2    1    4   -1    1    0.000002  0.000031  0.000011
   2    1    4    0   -1    0.000002 -0.000031 -0.000011
   2    1    4    0    1   -0.000002  0.000031 -0.000011
   2    3   -3   -1   -1   -0.000131  0.000101 -0.000034
   2    3   -3   -1    0    0.000131 -0.000101 -0.000034
   2    3   -3    1   -1    0.000131  0.000101  0.000034
   2    3   -3    1    0   -0.000131 -0.000101  0.000034
   2    3    4   -1   -1   -0.000131 -0.000101  0.000034
   2    3    4   -1    0    0.000131  0.000101  0.000034
   2    3    4    1   -1    0.000131 -0.000101 -0.000034
   2    3    4    1    0   -0.000131  0.000101 -0.000034
   2    4   -1   -4   -1    0.000101 -0.000131 -0.000034
   2    4   -1   -4    0   -0.000101  0.000131 -0.000034
   2    4   -1    3   -1   -0.000101 -0.000131  0.000034
   2    4   -1    3    0    0.000101  0.000131  0.000034
   2    4    1   -4   -1    0.000101  0.000131  0.000034
   2    4    1   -4    0   -0.000101 -0.000131  0.000034
   2    4    1    3   -1   -0.000101  0.000131 -0.000034
   2    4    1    3    0    0.000101 -0.000131 -0.000034
   2    2   -2   -1   -3    0.000001 -0.000033 -0.000081
   2    2   -2   -1    3   -0.000001  0.000033 -0.000081
   2    2   -2    1   -3   -0.000001 -0.000033  0.000081
   2    2   -2    1    3    0.000001  0.000033  0.000081
   2    2   -1   -2   -3   -0.000033  0.000001 -0.000081
   2    2   -1   -2    3    0.000033 -0.000001 -0.000081
   2    2   -1    2   -3    0.000033  0.000001  0.000081
   2    2   -1    2    3   -0.000033 -0.000001  0.000081
   2    2    1   -2   -3   -0.000033 -0.000001  0.000081
   2    2    1   -2    3    0.000033  0.000001  0.000081
   2    2    1    2   -3    0.000033 -0.000001 -0.000081
   2    2    1    2    3   -0.000033  0.000001 -0.000081
   2    2    2   -1   -3    0.000001  0.000033  0.000081
   2    2    2   -1    3   -0.000001 -0.000033  0.000081
   2    2    2    1   -3   -0.000001  0.000033 -0.000081
   2    2    2    1    3    0.000001 -0.000033 -0.000081
   2    2   -3   -1   -2   -0.000013 -0.000007  0.000018
   2    2   -3    1   -2    0.000013 -0.000007 -0.000018
   2    2   -3   -1    2    0.000013  0.000007  0.000018
   2    2   -3    1    2   -0.000013  0.000007 -0.000018
   2    2   -1   -3   -2   -0.000007 -0.000013  0.000018
   2    2   -1    3   -2    0.000007 -0.000013 -0.000018
   2    2    1   -3   -2   -0.000007  0.000013 -0.000018
   2    2    1    3   -2    0.000007  0.000013  0.000018
   2    2   -1   -3    2    0.000007  0.000013  0.000018
   2    2   -1    3    2   -0.000007  0.000013 -0.000018
   2    2    1   -3    2    0.000007 -0.000013 -0.000018
   2    2    1    3    2   -0.000007 -0.000013  0.000018
   2    2    3   -1   -2   -0.000013  0.000007 -0.000018
   2    2    3    1   -2    0.000013  0.000007  0.000018
   2    2    3   -1    2    0.000013 -0.000007 -0.000018
   2    2    3    1    2   -0.000013 -0.000007  0.000018
   2    2   -3   -2   -1   -0.000065 -0.000102  0.000012
   2    2   -3   -2    1    0.000065  0.000102  0.000012
   2    2   -3    2   -1    0.000065 -0.000102 -0.000012
   2    2   -3    2    1   -0.000065  0.000102 -0.000012
   2    2   -2   -3   -1   -0.000102 -0.000065  0.000012
   2    2   -2   -3    1    0.000102  0.000065  0.000012
   2    2   -2    3   -1    0.000102 -0.000065 -0.000012
   2    2   -2    3    1   -0.000102  0.000065 -0.000012
   2    2    2   -3   -1   -0.000102  0.000065 -0.000012
   2    2    2   -3    1    0.000102 -0.000065 -0.000012
   2    2    2    3   -1    0.000102  0.000065  0.000012
   2    2    2    3    1   -0.000102 -0.000065  0.000012
   2    2    3   -2   -1   -0.000065  0.000102 -0.000012
   2    2    3   -2    1    0.000065 -0.000102 -0.000012
   2    2    3    2   -1    0.000065  0.000102  0.000012
   2    2    3    2    1   -0.000065 -0.000102  0.000012
   2    3   -1    0   -4   -0.000000  0.000188  0.000000
   2    3   -1    0    3    0.000000 -0.000188 -0.000000
   2    3    2    0   -4   -0.000000 -0.000188  0.000000
   2    3    2    0    3    0.000000  0.000188 -0.000000
   2    4    0   -2   -4    0.000188  0.000000 -0.000000
   2    4    0   -2    3   -0.000188 -0.000000  0.000000
   2    4    0    1   -4   -0.000188  0.000000 -0.000000
   2    4    0    1    3    0.000188 -0.000000  0.000000
   2    3   -3    0   -2    0.000000  0.000035  0.000000
   2    3   -3    0    1   -0.000000 -0.000035 -0.000000
   2    3    4    0   -2    0.000000 -0.000035  0.000000
   2    3    4    0    1   -0.000000  0.000035 -0.000000
   2    4    0   -4   -2    0.000035 -0.000000 -0.000000
   2    4    0   -4    1   -0.000035  0.000000  0.000000
   2    4    0    3   -2   -0.000035 -0.000000 -0.000000
   2    4    0    3    1    0.000035  0.000000  0.000000
   2    1   -3   -2    0    0.000000  0.000000  0.000010
   2    1   -3    1    0   -0.000000 -0.000000 -0.000010
   2    1   -1   -4    0    0.000000  0.000000  0.000010
   2    1   -1    3    0   -0.000000 -0.000000 -0.000010
   2    1    2   -4    0   -0.000000 -0.000000 -0.000010
   2    1    2    3    0    0.000000  0.000000  0.000010
   2    1    4   -2    0   -0.000000 -0.000000 -0.000010
   2    1    4    1    0    0.000000  0.000000  0.000010
   2    3   -1   -1   -4   -0.000097 -0.000011 -0.000039
   2    3   -1   -1    3    0.000097  0.000011 -0.000039
   2    3   -1    1   -4    0.000097 -0.000011  0.000039
   2    3   -1    1    3   -0.000097  0.000011  0.000039
   2    3    2   -1   -4   -0.000097  0.000011  0.000039
   2    3    2   -1    3    0.000097 -0.000011  0.000039
   2    3    2    1   -4    0.000097  0.000011 -0.000039
   2    3    2    1    3   -0.000097 -0.000011 -0.000039
   2    4   -1   -2   -4   -0.000011 -0.000097 -0.000039
   2    4   -1   -2    3    0.000011  0.000097 -0.000039
   2    4   -1    1   -4    0.000011 -0.000097  0.000039
   2    4   -1    1    3   -0.000011  0.000097  0.000039
   2    4    1   -2   -4   -0.000011  0.000097  0.000039
   2    4    1   -2    3    0.000011 -0.000097  0.000039
   2    4    1    1   -4    0.000011  0.000097 -0.000039
   2    4    1    1    3   -0.000011 -0.000097 -0.000039
   2    1   -2   -1   -3    0.000004  0.000036  0.000068
   2    1   -2   -1    3   -0.000004 -0.000036  0.000068
   2    1   -2    0   -3   -0.000004  0.000036 -0.000068
   2    1   -2    0    3    0.000004 -0.000036 -0.000068
   2    1    0   -3   -3    0.000036  0.000004  0.000068
   2    1    0   -3    3   -0.000036 -0.000004  0.000068
   2    1    0    2   -3   -0.000036  0.000004 -0.000068
   2    1    0    2    3    0.000036 -0.000004 -0.000068
   2    1    1   -3   -3    0.000036 -0.000004 -0.000068
   2    1    1   -3    3   -0.000036  0.000004 -0.000068
   2    1    1    2   -3   -0.000036 -0.000004  0.000068
   2    1    1    2    3    0.000036  0.000004  0.000068
   2    1    3   -1   -3    0.000004 -0.000036 -0.000068
   2    1    3   -1    3   -0.000004  0.000036 -0.000068
   2    1    3    0   -3   -0.000004 -0.000036  0.000068
   2    1    3    0    3    0.000004  0.000036  0.000068
   2    4   -3   -1   -3    0.000070  0.000011 -0.000097
   2    4   -3   -1    2   -0.000070 -0.000011 -0.000097
   2    4   -3    0   -3   -0.000070  0.000011  0.000097
   2    4   -3    0    2    0.000070 -0.000011  0.000097
   2    3    0   -3   -3    0.000011  0.000070 -0.000097
   2    3    0   -3    2   -0.000011 -0.000070 -0.000097
   2    3    0    3   -3   -0.000011  0.000070  0.000097
   2    3    0    3    2    0.000011 -0.000070  0.000097
   2    3    1   -3   -3    0.000011 -0.000070  0.000097
   2    3    1   -3    2   -0.000011  0.000070  0.000097
   2    3    1    3   -3   -0.000011 -0.000070 -0.000097
   2    3    1    3    2    0.000011  0.000070 -0.000097
   2    4    3   -1   -3    0.000070 -0.000011  0.000097
   2    4    3   -1    2   -0.000070  0.000011  0.000097
   2    4    3    0   -3   -0.000070 -0.000011 -0.000097
   2    4    3    0    2    0.000070  0.000011 -0.000097
   2    3   -3   -1   -2    0.000014  0.000006  0.000064
   2    3   -3   -1    1   -0.000014 -0.000006  0.000064
   2    3   -3    1   -2   -0.000014  0.000006 -0.000064
   2    3   -3    1    1    0.000014 -0.000006 -0.000064
   2    3    4   -1   -2    0.000014 -0.000006 -0.000064
   2    3    4   -1    1   -0.000014  0.000006 -0.000064
   2    3    4    1   -2   -0.000014 -0.000006  0.000064
   2    3    4    1    1    0.000014  0.000006  0.000064
   2    4   -1   -4   -2    0.000006  0.000014  0.000064
   2    4   -1   -4    1   -0.000006 -0.000014  0.000064
   2    4   -1    3   -2   -0.000006  0.000014 -0.000064
   2    4   -1    3    1    0.000006 -0.000014 -0.000064
   2    4    1   -4   -2    0.000006 -0.000014 -0.000064
   2    4    1   -4    1   -0.000006  0.000014 -0.000064
   2    4    1    3   -2   -0.000006 -0.000014  0.000064
   2    4    1    3    1    0.000006  0.000014  0.000064
   2    1   -3   -2   -1    0.000031 -0.000025 -0.000020
   2    1   -3   -2    1   -0.000031  0.000025 -0.000020
   2    1   -3    1   -1   -0.000031 -0.000025  0.000020
   2    1   -3    1    1    0.000031  0.000025  0.000020
   2    1   -1   -4   -1   -0.000025  0.000031 -0.000020
   2    1   -1   -4    1    0.000025 -0.000031 -0.000020
   2    1   -1    3   -1    0.000025  0.000031  0.000020
   2    1   -1    3    1   -0.000025 -0.000031  0.000020
   2    1    2   -4   -1   -0.000025 -0.000031  0.000020
   2    1    2   -4    1    0.000025  0.000031  0.000020
   2    1    2    3   -1    0.000025 -0.000031 -0.000020
   2    1    2    3    1   -0.000025  0.000031 -0.000020
   2    1    4   -2   -1    0.000031  0.000025  0.000020
   2    1    4   -2    1   -0.000031 -0.000025  0.000020
   2    1    4    1   -1   -0.000031  0.000025 -0.000020
   2    1    4    1    1    0.000031 -0.000025 -0.000020
   2    4   -3   -3   -1   -0.000245 -0.000282  0.000017
   2    4   -3   -3    0    0.000245  0.000282  0.000017
   2    4   -3    2   -1    0.000245 -0.000282 -0.000017
   2    4   -3    2    0   -0.000245  0.000282 -0.000017
   2    3   -2   -3   -1   -0.000282 -0.000245  0.000017
   2    3   -2   -3    0    0.000282  0.000245  0.000017
   2    3   -2    3   -1    0.000282 -0.000245 -0.000017
   2    3   -2    3    0   -0.000282  0.000245 -0.000017
   2    3    3   -3   -1   -0.000282  0.000245 -0.000017
   2    3    3   -3    0    0.000282 -0.000245 -0.000017
   2    3    3    3   -1    0.000282  0.000245  0.000017
   2    3    3    3    0   -0.000282 -0.000245  0.000017
   2    4    3   -3   -1   -0.000245  0.000282 -0.000017
   2    4    3   -3    0    0.000245 -0.000282 -0.000017
   2    4    3    2   -1    0.000245  0.000282  0.000017
   2    4    3    2    0   -0.000245 -0.000282  0.000017
   2    2    0    0   -4   -0.000000 -0.000000  0.000000
   2    2    0    0    4   -0.000000 -0.000000  0.000000
   2    1    0   -1   -4   -0.000019 -0.000019 -0.000011
   2    1    0   -1    4    0.000019  0.000019 -0.000011
   2    1    0    0   -4    0.000019 -0.000019  0.000011
   2    1    0    0    4   -0.000019  0.000019  0.000011
   2    1    1   -1   -4   -0.000019  0.000019  0.000011
   2    1    1   -1    4    0.000019 -0.000019  0.000011
   2    1    1    0   -4    0.000019  0.000019 -0.000011
   2    1    1    0    4   -0.000019 -0.000019 -0.000011
   2    2   -4    0    0   -0.000000  0.000000 -0.000000
   2    2    0   -4    0    0.000000 -0.000000 -0.000000
   2    2    0    4    0    0.000000 -0.000000 -0.000000
   2    2    4    0    0   -0.000000  0.000000 -0.000000
