   1    3    0    0    0    0.017785 -0.000000  0.000000
   1    3    0    1    0   -0.017785  0.000000 -0.000000
   1    4   -1    0    0   -0.000000 -0.017785  0.000000
   1    4    0    0    0    0.000000  0.017785 -0.000000
   1    3    0    0   -1   -0.017785 -0.000000  0.000000
   1    3    0    1   -1    0.017785  0.000000 -0.000000
   1    4   -1    0   -1   -0.000000  0.017785  0.000000
   1    4    0    0   -1    0.000000 -0.017785 -0.000000
   1    2   -1    0    0   -0.000000 -0.000000 -0.000000
   1    2   -1    1    0   -0.000000  0.000000 -0.000000
   1    2    0    0    0    0.000000 -0.000000 -0.000000
   1    2    0    1    0    0.000000  0.000000  0.000000
   1    1    0    0   -1    0.000000  0.000000 -0.000000
   1    1    0    0    1   -0.000000 -0.000000  0.000000
   1    1   -1    0    0    0.000000 -0.000000  0.000000
   1    1    0   -1    0   -0.000000  0.000000  0.000000
   1    1    0    1    0    0.000000 -0.000000 -0.000000
   1    1    1    0    0   -0.000000  0.000000 -0.000000
   1    2   -1    0   -1   -0.000000 -0.000000  0.000000
   1    2   -1    0    1    0.000000  0.000000  0.000000
   1    2   -1    1   -1   -0.000000 -0.000000  0.000000
   1    2   -1    1    1    0.000000  0.000000 -0.000000
   1    2    0    0   -1   -0.000000 -0.000000  0.000000
   1    2    0    0    1    0.000000  0.000000 -0.000000
   1    2    0    1   -1   -0.000000 -0.000000 -0.000000
   1    2    0    1    1    0.000000  0.000000 -0.000000
   1    3   -1    0   -1   -0.000145  0.008833  0.004953
   1    3   -1    0    0    0.000145 -0.008833  0.004953
   1    3   -1    1   -1    0.000145  0.008833 -0.004953
   1    3   -1    1    0   -0.000145 -0.008833 -0.004953
   1    3    1    0   -1   -0.000145 -0.008833 -0.004953
   1    3    1    0    0    0.000145  0.008833 -0.004953
   1    3    1    1   -1    0.000145 -0.008833  0.004953
   1    3    1    1    0   -0.000145  0.008833  0.004953
   1    4   -1   -1    0    0.008833 -0.000145 -0.004953
   1    4   -1    1    0   -0.008833 -0.000145  0.004953
   1    4    0   -1    0    0.008833  0.000145  0.004953
   1    4    0    1    0   -0.008833  0.000145 -0.004953
   1    4   -1   -1   -1   -0.008833  0.000145 -0.004953
   1    4   -1    1   -1    0.008833  0.000145  0.004953
   1    4    0   -1   -1   -0.008833 -0.000145  0.004953
   1    4    0    1   -1    0.008833 -0.000145 -0.004953
   1    1   -1    0   -1    0.000000  0.000000 -0.000000
   1    1   -1    0    1    0.000000 -0.000000 -0.000000
   1    1    0   -1   -1    0.000000  0.000000 -0.000000
   1    1    0   -1    1   -0.000000  0.000000 -0.000000
   1    1    0    1   -1    0.000000 -0.000000  0.000000
   1    1    0    1    1   -0.000000 -0.000000  0.000000
   1    1    1    0   -1   -0.000000  0.000000  0.000000
   1    1    1    0    1   -0.000000 -0.000000  0.000000
   1    1   -1   -1    0   -0.000000 -0.000000  0.000000
   1    1   -1    1    0   -0.000000  0.000000  0.000000
   1    1    1   -1    0    0.000000 -0.000000 -0.000000
   1    1    1    1    0    0.000000  0.000000 -0.000000
   1    3    0    0    1    0.003721 -0.000000 -0.000000
   1    3    0    1    1   -0.003721 -0.000000 -0.000000
   1    4   -1    0    1   -0.000000 -0.003721 -0.000000
   1    4    0    0    1   -0.000000  0.003721 -0.000000
   1    3    0    0   -2   -0.003721  0.000000  0.000000
   1    3    0    1   -2    0.003721  0.000000  0.000000
   1    4   -1    0   -2    0.000000  0.003721  0.000000
   1    4    0    0   -2    0.000000 -0.003721  0.000000
   1    3    0   -1    0    0.005195 -0.000000  0.000000
   1    3    0    2    0   -0.005195  0.000000  0.000000
   1    4   -2    0    0   -0.000000 -0.005195  0.000000
   1    4    1    0    0    0.000000  0.005195  0.000000
   1    3    0   -1   -1   -0.005195 -0.000000 -0.000000
   1    3    0    2   -1    0.005195  0.000000 -0.000000
   1    4   -2    0   -1   -0.000000  0.005195 -0.000000
   1    4    1    0   -1    0.000000 -0.005195 -0.000000
   1    2   -2    0    0   -0.000000  0.000000  0.000000
   1    2   -2    1    0   -0.000000 -0.000000  0.000000
   1    2   -1   -1    0    0.000000 -0.000000  0.000000
   1    2   -1    2    0    0.000000  0.000000 -0.000000
   1    2    0   -1    0   -0.000000 -0.000000  0.000000
   1    2    0    2    0   -0.000000  0.000000 -0.000000
   1    2    1    0    0    0.000000  0.000000 -0.000000
   1    2    1    1    0    0.000000 -0.000000 -0.000000
   1    1   -1   -1   -1   -0.000000 -0.000000 -0.000000
   1    1   -1   -1    1    0.000000  0.000000 -0.000000
   1    1   -1    1   -1    0.000000  0.000000 -0.000000
   1    1   -1    1    1   -0.000000 -0.000000  0.000000
   1    1    1   -1   -1    0.000000  0.000000 -0.000000
   1    1    1   -1    1   -0.000000 -0.000000  0.000000
   1    1    1    1   -1   -0.000000 -0.000000  0.000000
   1    1    1    1    1    0.000000  0.000000  0.000000
   1    3   -1    0   -2   -0.002069 -0.004897  0.003013
   1    3   -1    0    1    0.002069  0.004897  0.003013
   1    3   -1    1   -2    0.002069 -0.004897 -0.003013
   1    3   -1    1    1   -0.002069  0.004897 -0.003013
   1    3    1    0   -2   -0.002069  0.004897 -0.003013
   1    3    1    0    1    0.002069 -0.004897 -0.003013
   1    3    1    1   -2    0.002069  0.004897  0.003013
   1    3    1    1    1   -0.002069 -0.004897  0.003013
   1    4   -1   -1    1   -0.004897 -0.002069 -0.003013
   1    4   -1    1    1    0.004897 -0.002069  0.003013
   1    4    0   -1    1   -0.004897  0.002069  0.003013
   1    4    0    1    1    0.004897  0.002069 -0.003013
   1    4   -1   -1   -2    0.004897  0.002069 -0.003013
   1    4   -1    1   -2   -0.004897  0.002069  0.003013
   1    4    0   -1   -2    0.004897 -0.002069  0.003013
   1    4    0    1   -2   -0.004897 -0.002069 -0.003013
   1    2   -2    0   -1    0.000000 -0.000000 -0.000000
   1    2   -2    0    1   -0.000000  0.000000 -0.000000
   1    2   -2    1   -1   -0.000000  0.000000  0.000000
   1    2   -2    1    1   -0.000000  0.000000  0.000000
   1    2    1    0   -1    0.000000 -0.000000 -0.000000
   1    2    1    0    1    0.000000 -0.000000 -0.000000
   1    2    1    1   -1    0.000000 -0.000000  0.000000
   1    2    1    1    1   -0.000000  0.000000  0.000000
   1    2   -1   -1   -1   -0.000000  0.000000 -0.000000
   1    2   -1   -1    1    0.000000 -0.000000 -0.000000
   1    2   -1    2   -1   -0.000000  0.000000 -0.000000
   1    2   -1    2    1   -0.000000  0.000000 -0.000000
   1    2    0   -1   -1    0.000000 -0.000000  0.000000
   1    2    0   -1    1    0.000000 -0.000000  0.000000
   1    2    0    2   -1   -0.000000  0.000000  0.000000
   1    2    0    2    1    0.000000 -0.000000  0.000000
   1    3   -1   -1    0    0.000031  0.000988  0.001495
   1    3   -1    2    0   -0.000031  0.000988 -0.001495
   1    3    1   -1    0    0.000031 -0.000988 -0.001495
   1    3    1    2    0   -0.000031 -0.000988  0.001495
   1    4   -2   -1    0   -0.000988 -0.000031 -0.001495
   1    4   -2    1    0    0.000988 -0.000031  0.001495
   1    4    1   -1    0   -0.000988  0.000031  0.001495
   1    4    1    1    0    0.000988  0.000031 -0.001495
   1    3   -1   -1   -1   -0.000031 -0.000988  0.001495
   1    3   -1    2   -1    0.000031 -0.000988 -0.001495
   1    3    1   -1   -1   -0.000031  0.000988 -0.001495
   1    3    1    2   -1    0.000031  0.000988  0.001495
   1    4   -2   -1   -1    0.000988  0.000031 -0.001495
   1    4   -2    1   -1   -0.000988  0.000031  0.001495
   1    4    1   -1   -1    0.000988 -0.000031  0.001495
   1    4    1    1   -1   -0.000988 -0.000031 -0.001495
   1    1    0    0   -2   -0.000000 -0.000000 -0.000000
   1    1    0    0    2    0.000000  0.000000  0.000000
   1    1    0    2    0    0.000000  0.000000 -0.000000
   1    1   -2    0    0   -0.000000  0.000000 -0.000000
   1    1    0   -2    0   -0.000000 -0.000000  0.000000
   1    1    2    0    0    0.000000 -0.000000  0.000000
   1    2   -1    0   -2   -0.000000 -0.000000  0.000000
   1    2   -1    1   -2   -0.000000 -0.000000 -0.000000
   1    2    0    0   -2   -0.000000 -0.000000 -0.000000
   1    2    0    1   -2   -0.000000 -0.000000 -0.000000
   1    2   -1    0    2    0.000000  0.000000  0.000000
   1    2   -1    1    2    0.000000  0.000000  0.000000
   1    2    0    0    2    0.000000  0.000000  0.000000
   1    2    0    1    2    0.000000  0.000000 -0.000000
   1    3    0   -1    1    0.000631  0.000000 -0.000000
   1    3    0    2    1   -0.000631  0.000000  0.000000
   1    4   -2    0    1    0.000000 -0.000631 -0.000000
   1    4    1    0    1    0.000000  0.000631  0.000000
   1    3    0   -1   -2   -0.000631 -0.000000 -0.000000
   1    3    0    2   -2    0.000631 -0.000000  0.000000
   1    4   -2    0   -2   -0.000000  0.000631 -0.000000
   1    4    1    0   -2   -0.000000 -0.000631  0.000000
   1    3   -2    0    0   -0.000806  0.001144  0.004920
   1    3   -2    1    0    0.000806  0.001144 -0.004920
   1    3    2    0    0   -0.000806 -0.001144 -0.004920
   1    3    2    1    0    0.000806 -0.001144  0.004920
   1    4   -1    2   -1   -0.001144 -0.000806  0.004920
   1    4   -1    2    0    0.001144  0.000806  0.004920
   1    4    0    2   -1   -0.001144  0.000806 -0.004920
   1    4    0    2    0    0.001144 -0.000806 -0.004920
   1    3   -2    0   -1    0.000806 -0.001144  0.004920
   1    3   -2    1   -1   -0.000806 -0.001144 -0.004920
   1    3    2    0   -1    0.000806  0.001144 -0.004920
   1    3    2    1   -1   -0.000806  0.001144  0.004920
   1    4   -1   -2   -1    0.001144 -0.000806 -0.004920
   1    4   -1   -2    0   -0.001144  0.000806 -0.004920
   1    4    0   -2   -1    0.001144  0.000806  0.004920
   1    4    0   -2    0   -0.001144 -0.000806  0.004920
   1    2   -2   -1    0    0.000000  0.000000 -0.000000
   1    2   -2    2    0    0.000000 -0.000000  0.000000
   1    2    1   -1    0   -0.000000  0.000000  0.000000
   1    2    1    2    0   -0.000000 -0.000000  0.000000
   1    1   -1    0   -2   -0.000000  0.000000 -0.000000
   1    1    0   -1   -2    0.000000 -0.000000 -0.000000
   1    1    0    1   -2    0.000000 -0.000000 -0.000000
   1    1    1    0   -2   -0.000000  0.000000 -0.000000
   1    1   -1    0    2    0.000000 -0.000000  0.000000
   1    1    0   -1    2   -0.000000  0.000000  0.000000
   1    1    0    1    2   -0.000000  0.000000  0.000000
   1    1    1    0    2    0.000000 -0.000000  0.000000
   1    1   -2    0   -1    0.000000  0.000000  0.000000
   1    1   -2    0    1    0.000000 -0.000000 -0.000000
   1    1    0   -2   -1    0.000000  0.000000  0.000000
   1    1    0   -2    1   -0.000000  0.000000 -0.000000
   1    1    0    2   -1    0.000000 -0.000000  0.000000
   1    1    0    2    1   -0.000000 -0.000000 -0.000000
   1    1    2    0   -1   -0.000000  0.000000  0.000000
   1    1    2    0    1   -0.000000 -0.000000 -0.000000
   1    1   -2   -1    0   -0.000000 -0.000000 -0.000000
   1    1   -2    1    0   -0.000000  0.000000  0.000000
   1    1   -1    2    0   -0.000000  0.000000 -0.000000
   1    1    1    2    0    0.000000  0.000000  0.000000
   1    1    2   -1    0    0.000000 -0.000000 -0.000000
   1    1    2    1    0    0.000000  0.000000  0.000000
   1    1   -1   -2    0   -0.000000 -0.000000 -0.000000
   1    1    1   -2    0    0.000000 -0.000000  0.000000
   1    3   -1   -1   -2   -0.000874  0.001028 -0.001387
   1    3   -1   -1    1    0.000874 -0.001028 -0.001387
   1    3   -1    2   -2    0.000874  0.001028  0.001387
   1    3   -1    2    1   -0.000874 -0.001028  0.001387
   1    3    1   -1   -2   -0.000874 -0.001028  0.001387
   1    3    1   -1    1    0.000874  0.001028  0.001387
   1    3    1    2   -2    0.000874 -0.001028 -0.001387
   1    3    1    2    1   -0.000874  0.001028 -0.001387
   1    4   -2   -1   -2   -0.001028  0.000874  0.001387
   1    4   -2   -1    1    0.001028 -0.000874  0.001387
   1    4   -2    1   -2    0.001028  0.000874 -0.001387
   1    4   -2    1    1   -0.001028 -0.000874 -0.001387
   1    4    1   -1   -2   -0.001028 -0.000874 -0.001387
   1    4    1   -1    1    0.001028  0.000874 -0.001387
   1    4    1    1   -2    0.001028 -0.000874  0.001387
   1    4    1    1    1   -0.001028  0.000874  0.001387
   1    2   -2   -1   -1    0.000000  0.000000  0.000000
   1    2   -2   -1    1   -0.000000 -0.000000  0.000000
   1    2   -2    2   -1   -0.000000 -0.000000 -0.000000
   1    2   -2    2    1    0.000000  0.000000  0.000000
   1    2    1   -1   -1   -0.000000 -0.000000 -0.000000
   1    2    1   -1    1    0.000000  0.000000  0.000000
   1    2    1    2   -1    0.000000  0.000000 -0.000000
   1    2    1    2    1   -0.000000 -0.000000 -0.000000
   1    1   -1   -1   -2   -0.000000 -0.000000 -0.000000
   1    1   -1   -1    2    0.000000  0.000000 -0.000000
   1    1   -1    1   -2    0.000000  0.000000  0.000000
   1    1   -1    1    2   -0.000000 -0.000000 -0.000000
   1    1    1   -1   -2    0.000000  0.000000  0.000000
   1    1    1   -1    2   -0.000000 -0.000000 -0.000000
   1    1    1    1   -2   -0.000000 -0.000000  0.000000
   1    1    1    1    2    0.000000  0.000000  0.000000
   1    1   -2   -1   -1    0.000000  0.000000  0.000000
   1    1   -2   -1    1   -0.000000 -0.000000 -0.000000
   1    1   -2    1   -1    0.000000 -0.000000  0.000000
   1    1   -2    1    1    0.000000  0.000000 -0.000000
   1    1   -1   -2   -1    0.000000  0.000000  0.000000
   1    1   -1   -2    1   -0.000000 -0.000000 -0.000000
   1    1   -1    2   -1   -0.000000 -0.000000  0.000000
   1    1   -1    2    1    0.000000 -0.000000 -0.000000
   1    1    1   -2   -1   -0.000000  0.000000  0.000000
   1    1    1   -2    1    0.000000  0.000000 -0.000000
   1    1    1    2   -1    0.000000  0.000000  0.000000
   1    1    1    2    1   -0.000000 -0.000000 -0.000000
   1    1    2   -1   -1   -0.000000 -0.000000  0.000000
   1    1    2   -1    1   -0.000000  0.000000 -0.000000
   1    1    2    1   -1    0.000000  0.000000  0.000000
   1    1    2    1    1   -0.000000 -0.000000 -0.000000
   1    3    0    0   -3   -0.001050  0.000000  0.000000
   1    3    0    0    2    0.001050 -0.000000 -0.000000
   1    3    0    1   -3    0.001050  0.000000  0.000000
   1    3    0    1    2   -0.001050 -0.000000 -0.000000
   1    4   -1    0   -3    0.000000  0.001050  0.000000
   1    4   -1    0    2   -0.000000 -0.001050 -0.000000
   1    4    0    0   -3    0.000000 -0.001050  0.000000
   1    4    0    0    2   -0.000000  0.001050 -0.000000
   1    2   -2    0   -2    0.000000 -0.000000  0.000000
   1    2   -2    0    2   -0.000000  0.000000  0.000000
   1    2   -2    1   -2    0.000000 -0.000000  0.000000
   1    2   -2    1    2   -0.000000  0.000000 -0.000000
   1    2   -1   -1   -2   -0.000000  0.000000  0.000000
   1    2   -1   -1    2    0.000000 -0.000000  0.000000
   1    2   -1    2   -2   -0.000000  0.000000  0.000000
   1    2   -1    2    2    0.000000 -0.000000 -0.000000
   1    2    0   -1   -2   -0.000000  0.000000  0.000000
   1    2    0   -1    2    0.000000 -0.000000 -0.000000
   1    2    0    2   -2   -0.000000  0.000000 -0.000000
   1    2    0    2    2    0.000000 -0.000000 -0.000000
   1    2    1    0   -2    0.000000 -0.000000  0.000000
   1    2    1    0    2   -0.000000  0.000000 -0.000000
   1    2    1    1   -2    0.000000 -0.000000 -0.000000
   1    2    1    1    2   -0.000000  0.000000 -0.000000
   1    3   -2    0   -2   -0.000128 -0.000708 -0.000791
   1    3   -2    0    1    0.000128  0.000708 -0.000791
   1    3   -2    1   -2    0.000128 -0.000708  0.000791
   1    3   -2    1    1   -0.000128  0.000708  0.000791
   1    3    2    0   -2   -0.000128  0.000708  0.000791
   1    3    2    0    1    0.000128 -0.000708  0.000791
   1    3    2    1   -2    0.000128  0.000708 -0.000791
   1    3    2    1    1   -0.000128 -0.000708 -0.000791
   1    4   -1   -2    1   -0.000708 -0.000128  0.000791
   1    4   -1    2   -2   -0.000708  0.000128 -0.000791
   1    4   -1    2    1    0.000708 -0.000128 -0.000791
   1    4    0   -2    1   -0.000708  0.000128 -0.000791
   1    4    0    2   -2   -0.000708 -0.000128  0.000791
   1    4    0    2    1    0.000708  0.000128  0.000791
   1    4   -1   -2   -2    0.000708  0.000128  0.000791
   1    4    0   -2   -2    0.000708 -0.000128 -0.000791
   1    3    0   -2   -1   -0.000867 -0.000000 -0.000000
   1    3    0   -2    0    0.000867  0.000000 -0.000000
   1    3    0    3   -1    0.000867 -0.000000  0.000000
   1    3    0    3    0   -0.000867  0.000000  0.000000
   1    4   -3    0   -1   -0.000000  0.000867 -0.000000
   1    4   -3    0    0    0.000000 -0.000867 -0.000000
   1    4   -2    2   -1    0.000386  0.001025  0.004132
   1    4   -2    2    0   -0.000386 -0.001025  0.004132
   1    4    1    2   -1    0.000386 -0.001025 -0.004132
   1    4    1    2    0   -0.000386  0.001025 -0.004132
   1    4    2    0   -1   -0.000000 -0.000867  0.000000
   1    4    2    0    0    0.000000  0.000867  0.000000
   1    3   -2   -1   -1   -0.001025  0.000386  0.004132
   1    3   -2   -1    0    0.001025 -0.000386  0.004132
   1    3   -2    2   -1    0.001025  0.000386 -0.004132
   1    3   -2    2    0   -0.001025 -0.000386 -0.004132
   1    3    2   -1   -1   -0.001025 -0.000386 -0.004132
   1    3    2   -1    0    0.001025  0.000386 -0.004132
   1    3    2    2   -1    0.001025 -0.000386  0.004132
   1    3    2    2    0   -0.001025  0.000386  0.004132
   1    4   -2   -2   -1   -0.000386  0.001025 -0.004132
   1    4   -2   -2    0    0.000386 -0.001025 -0.004132
   1    4    1   -2   -1   -0.000386 -0.001025  0.004132
   1    4    1   -2    0    0.000386  0.001025  0.004132
   1    2   -3    0    0    0.000000 -0.000000  0.000000
   1    2   -3    1    0    0.000000  0.000000 -0.000000
   1    2   -1   -2    0   -0.000000  0.000000  0.000000
   1    2   -1    3    0   -0.000000 -0.000000  0.000000
   1    2    0   -2    0    0.000000  0.000000 -0.000000
   1    2    0    3    0    0.000000 -0.000000 -0.000000
   1    2    2    0    0   -0.000000 -0.000000  0.000000
   1    2    2    1    0   -0.000000  0.000000 -0.000000
   1    3   -1    0   -3    0.000435 -0.000824 -0.000173
   1    3   -1    0    2   -0.000435  0.000824 -0.000173
   1    3   -1    1   -3   -0.000435 -0.000824  0.000173
   1    3   -1    1    2    0.000435  0.000824  0.000173
   1    3    1    0   -3    0.000435  0.000824  0.000173
   1    3    1    0    2   -0.000435 -0.000824  0.000173
   1    3    1    1   -3   -0.000435  0.000824 -0.000173
   1    3    1    1    2    0.000435 -0.000824 -0.000173
   1    4   -1   -1   -3    0.000824 -0.000435  0.000173
   1    4   -1   -1    2   -0.000824  0.000435  0.000173
   1    4   -1    1   -3   -0.000824 -0.000435 -0.000173
   1    4   -1    1    2    0.000824  0.000435 -0.000173
   1    4    0   -1   -3    0.000824  0.000435 -0.000173
   1    4    0   -1    2   -0.000824 -0.000435 -0.000173
   1    4    0    1   -3   -0.000824  0.000435  0.000173
   1    4    0    1    2    0.000824 -0.000435  0.000173
   1    2   -3    0   -1   -0.000000 -0.000000  0.000000
   1    2   -3    0    1   -0.000000  0.000000  0.000000
   1    2   -3    1   -1    0.000000  0.000000  0.000000
   1    2   -3    1    1   -0.000000 -0.000000  0.000000
   1    2   -1   -2   -1   -0.000000 -0.000000  0.000000
   1    2   -1   -2    1    0.000000 -0.000000  0.000000
   1    2   -1    3   -1    0.000000  0.000000 -0.000000
   1    2   -1    3    1   -0.000000 -0.000000 -0.000000
   1    2    0   -2   -1    0.000000  0.000000  0.000000
   1    2    0   -2    1   -0.000000 -0.000000  0.000000
   1    2    0    3   -1   -0.000000  0.000000 -0.000000
   1    2    0    3    1    0.000000  0.000000 -0.000000
   1    2    2    0   -1    0.000000  0.000000 -0.000000
   1    2    2    0    1   -0.000000 -0.000000 -0.000000
   1    2    2    1   -1    0.000000 -0.000000 -0.000000
   1    2    2    1    1    0.000000  0.000000 -0.000000
   1    3   -1   -2   -1    0.000255  0.000302  0.001423
   1    3   -1   -2    0   -0.000255 -0.000302  0.001423
   1    3   -1    3   -1   -0.000255  0.000302 -0.001423
   1    3   -1    3    0    0.000255 -0.000302 -0.001423
   1    3    1   -2   -1    0.000255 -0.000302 -0.001423
   1    3    1   -2    0   -0.000255  0.000302 -0.001423
   1    3    1    3   -1   -0.000255 -0.000302  0.001423
   1    3    1    3    0    0.000255  0.000302  0.001423
   1    4   -3   -1   -1   -0.000302 -0.000255 -0.001423
   1    4   -3   -1    0    0.000302  0.000255 -0.001423
   1    4   -3    1   -1    0.000302 -0.000255  0.001423
   1    4   -3    1    0   -0.000302  0.000255  0.001423
   1    4    2   -1   -1   -0.000302  0.000255  0.001423
   1    4    2   -1    0    0.000302 -0.000255  0.001423
   1    4    2    1   -1    0.000302  0.000255 -0.001423
   1    4    2    1    0   -0.000302 -0.000255 -0.001423
   1    1   -2    0   -2    0.000000 -0.000000 -0.000000
   1    1    0   -2   -2   -0.000000  0.000000 -0.000000
   1    1    0    2   -2   -0.000000  0.000000 -0.000000
   1    1    0    2    2    0.000000 -0.000000  0.000000
   1    1    2    0   -2    0.000000 -0.000000 -0.000000
   1    1   -2    0    2   -0.000000  0.000000  0.000000
   1    1    0   -2    2    0.000000 -0.000000  0.000000
   1    1    2    0    2   -0.000000  0.000000  0.000000
   1    1   -2   -2    0    0.000000  0.000000  0.000000
   1    1   -2    2    0    0.000000 -0.000000  0.000000
   1    1    2   -2    0   -0.000000  0.000000 -0.000000
   1    1    2    2    0   -0.000000 -0.000000 -0.000000
   1    3    0   -1   -3    0.000983 -0.000000  0.000000
   1    3    0   -1    2   -0.000983  0.000000 -0.000000
   1    3    0    2   -3   -0.000983 -0.000000  0.000000
   1    3    0    2    2    0.000983  0.000000 -0.000000
   1    4   -2    0   -3   -0.000000 -0.000983  0.000000
   1    4   -2    0    2    0.000000  0.000983 -0.000000
   1    4    1    0   -3   -0.000000  0.000983  0.000000
   1    4    1    0    2    0.000000 -0.000983 -0.000000
   1    2   -2   -1   -2   -0.000000 -0.000000  0.000000
   1    2   -2    2   -2   -0.000000 -0.000000  0.000000
   1    2    1   -1   -2   -0.000000 -0.000000  0.000000
   1    2    1    2   -2   -0.000000 -0.000000 -0.000000
   1    2   -2   -1    2    0.000000  0.000000  0.000000
   1    2   -2    2    2    0.000000  0.000000 -0.000000
   1    2    1   -1    2    0.000000  0.000000 -0.000000
   1    2    1    2    2    0.000000  0.000000 -0.000000
   1    3    0   -2   -2    0.000245  0.000000  0.000000
   1    3    0   -2    1   -0.000245 -0.000000  0.000000
   1    3    0    3   -2   -0.000245  0.000000 -0.000000
   1    3    0    3    1    0.000245 -0.000000 -0.000000
   1    4   -3    0   -2    0.000000 -0.000245  0.000000
   1    4   -3    0    1   -0.000000  0.000245  0.000000
   1    4   -2    2   -2   -0.000133 -0.000386 -0.000630
   1    4   -2    2    1    0.000133  0.000386 -0.000630
   1    4    1    2   -2   -0.000133  0.000386  0.000630
   1    4    1    2    1    0.000133 -0.000386  0.000630
   1    4    2    0   -2    0.000000  0.000245 -0.000000
   1    4    2    0    1   -0.000000 -0.000245 -0.000000
   1    3   -2   -1   -2    0.000386 -0.000133 -0.000630
   1    3   -2   -1    1   -0.000386  0.000133 -0.000630
   1    3   -2    2   -2   -0.000386 -0.000133  0.000630
   1    3   -2    2    1    0.000386  0.000133  0.000630
   1    3    2   -1   -2    0.000386  0.000133  0.000630
   1    3    2   -1    1   -0.000386 -0.000133  0.000630
   1    3    2    2   -2   -0.000386  0.000133 -0.000630
   1    3    2    2    1    0.000386 -0.000133 -0.000630
   1    4   -2   -2   -2    0.000133 -0.000386  0.000630
   1    4   -2   -2    1   -0.000133  0.000386  0.000630
   1    4    1   -2   -2    0.000133  0.000386 -0.000630
   1    4    1   -2    1   -0.000133 -0.000386 -0.000630
   1    2   -3   -1    0   -0.000000  0.000000 -0.000000
   1    2   -3    2    0   -0.000000 -0.000000  0.000000
   1    2   -2   -2    0    0.000000 -0.000000 -0.000000
   1    2   -2    3    0    0.000000  0.000000 -0.000000
   1    2    1   -2    0   -0.000000 -0.000000  0.000000
   1    2    1    3    0   -0.000000  0.000000  0.000000
   1    2    2   -1    0    0.000000  0.000000 -0.000000
   1    2    2    2    0    0.000000 -0.000000  0.000000
   1    1    0    0   -3   -0.000000 -0.000000  0.000000
   1    1    0    0    3    0.000000  0.000000 -0.000000
   1    1   -2   -1   -2   -0.000000  0.000000 -0.000000
   1    1   -2   -1    2    0.000000 -0.000000 -0.000000
   1    1   -2    1   -2    0.000000 -0.000000 -0.000000
   1    1   -2    1    2    0.000000  0.000000 -0.000000
   1    1   -1   -2   -2    0.000000 -0.000000 -0.000000
   1    1   -1    2   -2   -0.000000 -0.000000  0.000000
   1    1   -1    2    2    0.000000 -0.000000  0.000000
   1    1    1   -2   -2   -0.000000  0.000000 -0.000000
   1    1    1    2   -2    0.000000 -0.000000  0.000000
   1    1    1    2    2   -0.000000  0.000000  0.000000
   1    1    2   -1   -2   -0.000000 -0.000000  0.000000
   1    1    2   -1    2   -0.000000  0.000000  0.000000
   1    1    2    1   -2   -0.000000  0.000000  0.000000
   1    1    2    1    2    0.000000 -0.000000  0.000000
   1    1   -1   -2    2   -0.000000  0.000000 -0.000000
   1    1    1   -2    2    0.000000  0.000000 -0.000000
   1    1   -2   -2   -1    0.000000  0.000000 -0.000000
   1    1   -2   -2    1   -0.000000 -0.000000 -0.000000
   1    1   -2    2   -1    0.000000  0.000000  0.000000
   1    1   -2    2    1   -0.000000 -0.000000 -0.000000
   1    1    2   -2   -1    0.000000  0.000000  0.000000
   1    1    2   -2    1   -0.000000 -0.000000 -0.000000
   1    1    2    2   -1    0.000000  0.000000  0.000000
   1    1    2    2    1   -0.000000 -0.000000  0.000000
   1    1    0   -3    0    0.000000 -0.000000  0.000000
   1    1   -3    0    0   -0.000000 -0.000000 -0.000000
   1    1    3    0    0    0.000000  0.000000  0.000000
   1    1    0    3    0   -0.000000  0.000000 -0.000000
   1    2   -1    0   -3   -0.000000 -0.000000  0.000000
   1    2   -1    0    3   -0.000000 -0.000000 -0.000000
   1    2   -1    1   -3   -0.000000  0.000000  0.000000
   1    2   -1    1    3   -0.000000  0.000000 -0.000000
   1    2    0    0   -3    0.000000 -0.000000  0.000000
   1    2    0    0    3    0.000000 -0.000000 -0.000000
   1    2    0    1   -3    0.000000  0.000000  0.000000
   1    2    0    1    3    0.000000  0.000000 -0.000000
   1    3   -1   -1   -3   -0.000456  0.000355 -0.000280
   1    3   -1   -1    2    0.000456 -0.000355 -0.000280
   1    3   -1    2   -3    0.000456  0.000355  0.000280
   1    3   -1    2    2   -0.000456 -0.000355  0.000280
   1    3    1   -1   -3   -0.000456 -0.000355  0.000280
   1    3    1   -1    2    0.000456  0.000355  0.000280
   1    3    1    2   -3    0.000456 -0.000355 -0.000280
   1    3    1    2    2   -0.000456  0.000355 -0.000280
   1    4   -2   -1   -3   -0.000355  0.000456  0.000280
   1    4   -2   -1    2    0.000355 -0.000456  0.000280
   1    4   -2    1   -3    0.000355  0.000456 -0.000280
   1    4   -2    1    2   -0.000355 -0.000456 -0.000280
   1    4    1   -1   -3   -0.000355 -0.000456 -0.000280
   1    4    1   -1    2    0.000355  0.000456 -0.000280
   1    4    1    1   -3    0.000355 -0.000456  0.000280
   1    4    1    1    2   -0.000355  0.000456  0.000280
   1    3   -1   -2   -2   -0.000033  0.000177 -0.000373
   1    3   -1   -2    1    0.000033 -0.000177 -0.000373
   1    3   -1    3   -2    0.000033  0.000177  0.000373
   1    3   -1    3    1   -0.000033 -0.000177  0.000373
   1    3    1   -2   -2   -0.000033 -0.000177  0.000373
   1    3    1   -2    1    0.000033  0.000177  0.000373
   1    3    1    3   -2    0.000033 -0.000177 -0.000373
   1    3    1    3    1   -0.000033  0.000177 -0.000373
   1    4   -3   -1   -2   -0.000177  0.000033  0.000373
   1    4   -3   -1    1    0.000177 -0.000033  0.000373
   1    4   -3    1   -2    0.000177  0.000033 -0.000373
   1    4   -3    1    1   -0.000177 -0.000033 -0.000373
   1    4    2   -1   -2   -0.000177 -0.000033 -0.000373
   1    4    2   -1    1    0.000177  0.000033 -0.000373
   1    4    2    1   -2    0.000177 -0.000033  0.000373
   1    4    2    1    1   -0.000177  0.000033  0.000373
   1    2   -3   -1   -1   -0.000000 -0.000000 -0.000000
   1    2   -3   -1    1    0.000000 -0.000000  0.000000
   1    2   -3    2   -1   -0.000000  0.000000  0.000000
   1    2   -3    2    1    0.000000 -0.000000  0.000000
   1    2   -2   -2   -1   -0.000000 -0.000000 -0.000000
   1    2   -2   -2    1   -0.000000  0.000000  0.000000
   1    2   -2    3   -1    0.000000 -0.000000 -0.000000
   1    2   -2    3    1   -0.000000  0.000000 -0.000000
   1    2    1   -2   -1    0.000000 -0.000000  0.000000
   1    2    1   -2    1   -0.000000  0.000000  0.000000
   1    2    1    3   -1    0.000000 -0.000000 -0.000000
   1    2    1    3    1    0.000000  0.000000  0.000000
   1    2    2   -1   -1   -0.000000  0.000000 -0.000000
   1    2    2   -1    1    0.000000 -0.000000 -0.000000
   1    2    2    2   -1   -0.000000  0.000000 -0.000000
   1    2    2    2    1    0.000000  0.000000  0.000000
   1    4   -1   -3   -1    0.000102 -0.000159 -0.000562
   1    4   -1   -3    0   -0.000102  0.000159 -0.000562
   1    4    0   -3   -1    0.000102  0.000159  0.000562
   1    4    0   -3    0   -0.000102 -0.000159  0.000562
   1    3   -3    0   -1    0.000159 -0.000102  0.000562
   1    3   -3    0    0   -0.000159  0.000102  0.000562
   1    3   -3    1   -1   -0.000159 -0.000102 -0.000562
   1    3   -3    1    0    0.000159  0.000102 -0.000562
   1    3    3    0   -1    0.000159  0.000102 -0.000562
   1    3    3    0    0   -0.000159 -0.000102 -0.000562
   1    3    3    1   -1   -0.000159  0.000102  0.000562
   1    3    3    1    0    0.000159 -0.000102  0.000562
   1    4   -1    3   -1   -0.000102 -0.000159  0.000562
   1    4   -1    3    0    0.000102  0.000159  0.000562
   1    4    0    3   -1   -0.000102  0.000159 -0.000562
   1    4    0    3    0    0.000102 -0.000159 -0.000562
   1    1   -1    0   -3   -0.000000  0.000000 -0.000000
   1    1   -1    0    3   -0.000000 -0.000000  0.000000
   1    1    0   -1   -3    0.000000 -0.000000 -0.000000
   1    1    0   -1    3   -0.000000 -0.000000  0.000000
   1    1    0    1   -3    0.000000  0.000000 -0.000000
   1    1    0    1    3   -0.000000  0.000000  0.000000
   1    1    1    0   -3    0.000000  0.000000 -0.000000
   1    1    1    0    3    0.000000 -0.000000  0.000000
   1    1    0   -3   -1    0.000000  0.000000 -0.000000
   1    1    0   -3    1   -0.000000 -0.000000 -0.000000
   1    1   -3    0   -1    0.000000  0.000000 -0.000000
   1    1   -3    0    1   -0.000000 -0.000000 -0.000000
   1    1    0    3   -1    0.000000  0.000000  0.000000
   1    1    0    3    1   -0.000000 -0.000000  0.000000
   1    1    3    0   -1    0.000000  0.000000  0.000000
   1    1    3    0    1   -0.000000 -0.000000  0.000000
   1    1   -1   -3    0    0.000000 -0.000000 -0.000000
   1    1    1   -3    0   -0.000000 -0.000000  0.000000
   1    1   -3   -1    0   -0.000000  0.000000 -0.000000
   1    1   -3    1    0   -0.000000 -0.000000  0.000000
   1    1    3   -1    0    0.000000  0.000000 -0.000000
   1    1    3    1    0    0.000000 -0.000000  0.000000
   1    1   -1    3    0    0.000000  0.000000 -0.000000
   1    1    1    3    0   -0.000000  0.000000  0.000000
   1    4   -1    2   -3    0.000275 -0.000414 -0.000219
   1    4   -1    2    2   -0.000275  0.000414 -0.000219
   1    4    0    2   -3    0.000275  0.000414  0.000219
   1    4    0    2    2   -0.000275 -0.000414  0.000219
   1    3   -2    0   -3    0.000414  0.000275 -0.000219
   1    3   -2    0    2   -0.000414 -0.000275 -0.000219
   1    3   -2    1   -3   -0.000414  0.000275  0.000219
   1    3   -2    1    2    0.000414 -0.000275  0.000219
   1    3    2    0   -3    0.000414 -0.000275  0.000219
   1    3    2    0    2   -0.000414  0.000275  0.000219
   1    3    2    1   -3   -0.000414 -0.000275 -0.000219
   1    3    2    1    2    0.000414  0.000275 -0.000219
   1    4   -1   -2   -3   -0.000275 -0.000414  0.000219
   1    4   -1   -2    2    0.000275  0.000414  0.000219
   1    4    0   -2   -3   -0.000275  0.000414 -0.000219
   1    4    0   -2    2    0.000275 -0.000414 -0.000219
   1    2   -3    0   -2    0.000000  0.000000  0.000000
   1    2   -3    0    2   -0.000000 -0.000000 -0.000000
   1    2   -3    1   -2   -0.000000 -0.000000  0.000000
   1    2   -3    1    2    0.000000  0.000000  0.000000
   1    2   -1   -2   -2    0.000000  0.000000  0.000000
   1    2   -1   -2    2   -0.000000 -0.000000 -0.000000
   1    2   -1    3   -2   -0.000000 -0.000000 -0.000000
   1    2   -1    3    2    0.000000  0.000000 -0.000000
   1    2    0   -2   -2   -0.000000 -0.000000  0.000000
   1    2    0   -2    2    0.000000  0.000000  0.000000
   1    2    0    3   -2    0.000000  0.000000  0.000000
   1    2    0    3    2   -0.000000 -0.000000 -0.000000
   1    2    2    0   -2   -0.000000 -0.000000 -0.000000
   1    2    2    0    2    0.000000  0.000000 -0.000000
   1    2    2    1   -2    0.000000  0.000000  0.000000
   1    2    2    1    2   -0.000000 -0.000000 -0.000000
   1    4   -3    2   -1   -0.000558 -0.000653  0.002750
   1    4   -3    2    0    0.000558  0.000653  0.002750
   1    4    2    2   -1   -0.000558  0.000653 -0.002750
   1    4    2    2    0    0.000558 -0.000653 -0.002750
   1    3   -2   -2   -1    0.000653 -0.000558  0.002750
   1    3   -2   -2    0   -0.000653  0.000558  0.002750
   1    3   -2    3   -1   -0.000653 -0.000558 -0.002750
   1    3   -2    3    0    0.000653  0.000558 -0.002750
   1    3    2   -2   -1    0.000653  0.000558 -0.002750
   1    3    2   -2    0   -0.000653 -0.000558 -0.002750
   1    3    2    3   -1   -0.000653  0.000558  0.002750
   1    3    2    3    0    0.000653 -0.000558  0.002750
   1    4   -3   -2   -1    0.000558 -0.000653 -0.002750
   1    4   -3   -2    0   -0.000558  0.000653 -0.002750
   1    4    2   -2   -1    0.000558  0.000653  0.002750
   1    4    2   -2    0   -0.000558 -0.000653  0.002750
   1    1   -1   -1   -3    0.000000  0.000000  0.000000
   1    1   -1   -1    3    0.000000  0.000000  0.000000
   1    1   -1    1   -3    0.000000 -0.000000  0.000000
   1    1   -1    1    3    0.000000 -0.000000 -0.000000
   1    1    1   -1   -3   -0.000000  0.000000  0.000000
   1    1    1   -1    3   -0.000000  0.000000 -0.000000
   1    1    1    1   -3   -0.000000 -0.000000 -0.000000
   1    1    1    1    3   -0.000000 -0.000000 -0.000000
   1    1   -3   -1   -1   -0.000000 -0.000000  0.000000
   1    1   -3   -1    1    0.000000  0.000000 -0.000000
   1    1   -3    1   -1   -0.000000 -0.000000 -0.000000
   1    1   -3    1    1    0.000000  0.000000 -0.000000
   1    1   -1   -3   -1   -0.000000 -0.000000  0.000000
   1    1   -1   -3    1    0.000000  0.000000 -0.000000
   1    1    1   -3   -1   -0.000000 -0.000000 -0.000000
   1    1    1   -3    1    0.000000  0.000000 -0.000000
   1    1    3   -1   -1   -0.000000 -0.000000  0.000000
   1    1    3   -1    1    0.000000  0.000000  0.000000
   1    1    3    1   -1   -0.000000 -0.000000  0.000000
   1    1    3    1    1    0.000000  0.000000 -0.000000
   1    1   -1    3   -1   -0.000000 -0.000000  0.000000
   1    1   -1    3    1    0.000000  0.000000  0.000000
   1    1    1    3   -1   -0.000000 -0.000000  0.000000
   1    1    1    3    1    0.000000  0.000000 -0.000000
   1    2   -2    0   -3    0.000000 -0.000000  0.000000
   1    2   -2    0    3   -0.000000  0.000000  0.000000
   1    2   -2    1   -3    0.000000 -0.000000  0.000000
   1    2   -2    1    3   -0.000000  0.000000  0.000000
   1    2   -1   -1   -3   -0.000000  0.000000  0.000000
   1    2   -1   -1    3    0.000000 -0.000000  0.000000
   1    2   -1    2   -3   -0.000000  0.000000 -0.000000
   1    2   -1    2    3    0.000000 -0.000000 -0.000000
   1    2    0   -1   -3   -0.000000  0.000000  0.000000
   1    2    0   -1    3    0.000000 -0.000000  0.000000
   1    2    0    2   -3   -0.000000  0.000000 -0.000000
   1    2    0    2    3    0.000000 -0.000000 -0.000000
   1    2    1    0   -3    0.000000 -0.000000 -0.000000
   1    2    1    0    3   -0.000000  0.000000 -0.000000
   1    2    1    1   -3    0.000000 -0.000000 -0.000000
   1    2    1    1    3   -0.000000  0.000000 -0.000000
   1    4   -1   -3   -2   -0.000082 -0.000009  0.000275
   1    4   -1   -3    1    0.000082  0.000009  0.000275
   1    4    0   -3   -2   -0.000082  0.000009 -0.000275
   1    4    0   -3    1    0.000082 -0.000009 -0.000275
   1    3   -3    0   -2    0.000009  0.000082 -0.000275
   1    3   -3    0    1   -0.000009 -0.000082 -0.000275
   1    3   -3    1   -2   -0.000009  0.000082  0.000275
   1    3   -3    1    1    0.000009 -0.000082  0.000275
   1    3    3    0   -2    0.000009 -0.000082  0.000275
   1    3    3    0    1   -0.000009  0.000082  0.000275
   1    3    3    1   -2   -0.000009 -0.000082 -0.000275
   1    3    3    1    1    0.000009  0.000082 -0.000275
   1    4   -1    3   -2    0.000082 -0.000009 -0.000275
   1    4   -1    3    1   -0.000082  0.000009 -0.000275
   1    4    0    3   -2    0.000082  0.000009  0.000275
   1    4    0    3    1   -0.000082 -0.000009  0.000275
   1    4   -2   -3   -1   -0.000310  0.000085 -0.000904
   1    4   -2   -3    0    0.000310 -0.000085 -0.000904
   1    4    1   -3   -1   -0.000310 -0.000085  0.000904
   1    4    1   -3    0    0.000310  0.000085  0.000904
   1    3   -3   -1   -1   -0.000085  0.000310  0.000904
   1    3   -3   -1    0    0.000085 -0.000310  0.000904
   1    3   -3    2   -1    0.000085  0.000310 -0.000904
   1    3   -3    2    0   -0.000085 -0.000310 -0.000904
   1    3    3   -1   -1   -0.000085 -0.000310 -0.000904
   1    3    3   -1    0    0.000085  0.000310 -0.000904
   1    3    3    2   -1    0.000085 -0.000310  0.000904
   1    3    3    2    0   -0.000085  0.000310  0.000904
   1    4   -2    3   -1    0.000310  0.000085  0.000904
   1    4   -2    3    0   -0.000310 -0.000085  0.000904
   1    4    1    3   -1    0.000310 -0.000085 -0.000904
   1    4    1    3    0   -0.000310  0.000085 -0.000904
   1    1   -2   -2   -2    0.000000  0.000000  0.000000
   1    1   -2   -2    2   -0.000000 -0.000000  0.000000
   1    1   -2    2   -2    0.000000  0.000000  0.000000
   1    1   -2    2    2   -0.000000 -0.000000 -0.000000
   1    1    2   -2   -2    0.000000  0.000000  0.000000
   1    1    2   -2    2   -0.000000 -0.000000 -0.000000
   1    1    2    2   -2    0.000000  0.000000 -0.000000
   1    1    2    2    2   -0.000000 -0.000000 -0.000000
   1    3    0    0   -4    0.000489 -0.000000 -0.000000
   1    3    0    0    3   -0.000489 -0.000000  0.000000
   1    3    0    1   -4   -0.000489  0.000000 -0.000000
   1    3    0    1    3    0.000489  0.000000  0.000000
   1    4   -1    0   -4   -0.000000 -0.000489 -0.000000
   1    4   -1    0    3   -0.000000  0.000489  0.000000
   1    4    0    0   -4    0.000000  0.000489 -0.000000
   1    4    0    0    3    0.000000 -0.000489  0.000000
   1    3    0   -2   -3   -0.000462  0.000000 -0.000000
   1    3    0   -2    2    0.000462  0.000000 -0.000000
   1    3    0    3   -3    0.000462 -0.000000  0.000000
   1    3    0    3    2   -0.000462 -0.000000  0.000000
   1    4   -3    0   -3    0.000000  0.000462 -0.000000
   1    4   -3    0    2    0.000000 -0.000462 -0.000000
   1    4   -2    2   -3   -0.000310 -0.000181 -0.000048
   1    4   -2    2    2    0.000310  0.000181 -0.000048
   1    4    1    2   -3   -0.000310  0.000181  0.000048
   1    4    1    2    2    0.000310 -0.000181  0.000048
   1    4    2    0   -3   -0.000000 -0.000462  0.000000
   1    4    2    0    2   -0.000000  0.000462  0.000000
   1    3   -2   -1   -3    0.000181 -0.000310 -0.000048
   1    3   -2   -1    2   -0.000181  0.000310 -0.000048
   1    3   -2    2   -3   -0.000181 -0.000310  0.000048
   1    3   -2    2    2    0.000181  0.000310  0.000048
   1    3    2   -1   -3    0.000181  0.000310  0.000048
   1    3    2   -1    2   -0.000181 -0.000310  0.000048
   1    3    2    2   -3   -0.000181  0.000310 -0.000048
   1    3    2    2    2    0.000181 -0.000310 -0.000048
   1    4   -2   -2   -3    0.000310 -0.000181  0.000048
   1    4   -2   -2    2   -0.000310  0.000181  0.000048
   1    4    1   -2   -3    0.000310  0.000181 -0.000048
   1    4    1   -2    2   -0.000310 -0.000181 -0.000048
   1    2   -3   -1   -2    0.000000 -0.000000  0.000000
   1    2   -3   -1    2    0.000000  0.000000  0.000000
   1    2   -3    2   -2    0.000000  0.000000 -0.000000
   1    2   -3    2    2    0.000000 -0.000000 -0.000000
   1    2   -2   -2   -2   -0.000000  0.000000  0.000000
   1    2   -2   -2    2    0.000000  0.000000  0.000000
   1    2   -2    3   -2    0.000000 -0.000000  0.000000
   1    2   -2    3    2   -0.000000 -0.000000  0.000000
   1    2    1   -2   -2    0.000000  0.000000 -0.000000
   1    2    1   -2    2   -0.000000  0.000000 -0.000000
   1    2    1    3   -2   -0.000000 -0.000000 -0.000000
   1    2    1    3    2    0.000000 -0.000000 -0.000000
   1    2    2   -1   -2   -0.000000  0.000000  0.000000
   1    2    2   -1    2   -0.000000 -0.000000  0.000000
   1    2    2    2   -2   -0.000000 -0.000000 -0.000000
   1    2    2    2    2   -0.000000  0.000000 -0.000000
   1    4   -3    2   -2   -0.000003 -0.000122 -0.000047
   1    4   -3    2    1    0.000003  0.000122 -0.000047
   1    4    2    2   -2   -0.000003  0.000122  0.000047
   1    4    2    2    1    0.000003 -0.000122  0.000047
   1    3   -2   -2   -2    0.000122 -0.000003 -0.000047
   1    3   -2   -2    1   -0.000122  0.000003 -0.000047
   1    3   -2    3   -2   -0.000122 -0.000003  0.000047
   1    3   -2    3    1    0.000122  0.000003  0.000047
   1    3    2   -2   -2    0.000122  0.000003  0.000047
   1    3    2   -2    1   -0.000122 -0.000003  0.000047
   1    3    2    3   -2   -0.000122  0.000003 -0.000047
   1    3    2    3    1    0.000122 -0.000003 -0.000047
   1    4   -3   -2   -2    0.000003 -0.000122  0.000047
   1    4   -3   -2    1   -0.000003  0.000122  0.000047
   1    4    2   -2   -2    0.000003  0.000122 -0.000047
   1    4    2   -2    1   -0.000003 -0.000122 -0.000047
   1    3    0   -3   -1   -0.000110 -0.000000  0.000000
   1    3    0   -3    0    0.000110  0.000000 -0.000000
   1    3    0    4   -1    0.000110 -0.000000  0.000000
   1    3    0    4    0   -0.000110  0.000000 -0.000000
   1    4   -4    0   -1   -0.000000  0.000110  0.000000
   1    4   -4    0    0    0.000000 -0.000110 -0.000000
   1    4    3    0   -1   -0.000000 -0.000110  0.000000
   1    4    3    0    0    0.000000  0.000110 -0.000000
   1    2   -3   -2    0   -0.000000 -0.000000  0.000000
   1    2   -3    3    0   -0.000000  0.000000  0.000000
   1    2    2   -2    0    0.000000 -0.000000  0.000000
   1    2    2    3    0    0.000000  0.000000 -0.000000
   1    2   -4    0    0    0.000000 -0.000000 -0.000000
   1    2   -4    1    0    0.000000  0.000000 -0.000000
   1    2   -1   -3    0   -0.000000  0.000000 -0.000000
   1    2   -1    4    0   -0.000000 -0.000000  0.000000
   1    2    0   -3    0    0.000000  0.000000 -0.000000
   1    2    0    4    0    0.000000 -0.000000  0.000000
   1    2    3    0    0   -0.000000 -0.000000  0.000000
   1    2    3    1    0   -0.000000  0.000000  0.000000
   1    1   -2    0   -3    0.000000 -0.000000 -0.000000
   1    1   -2    0    3   -0.000000  0.000000  0.000000
   1    1    0   -2   -3   -0.000000  0.000000 -0.000000
   1    1    0   -2    3    0.000000 -0.000000  0.000000
   1    1    0    2   -3   -0.000000  0.000000 -0.000000
   1    1    0    2    3    0.000000 -0.000000  0.000000
   1    1    2    0   -3    0.000000 -0.000000 -0.000000
   1    1    2    0    3   -0.000000  0.000000  0.000000
   1    1    0   -3   -2    0.000000  0.000000 -0.000000
   1    1    0   -3    2   -0.000000 -0.000000 -0.000000
   1    1   -3    0   -2    0.000000  0.000000 -0.000000
   1    1    3    0   -2    0.000000  0.000000  0.000000
   1    1   -3    0    2   -0.000000 -0.000000 -0.000000
   1    1    0    3   -2    0.000000  0.000000  0.000000
   1    1    0    3    2   -0.000000 -0.000000  0.000000
   1    1    3    0    2   -0.000000 -0.000000  0.000000
   1    1   -2   -3    0    0.000000  0.000000 -0.000000
   1    1    2   -3    0   -0.000000  0.000000  0.000000
   1    1   -3   -2    0    0.000000  0.000000 -0.000000
   1    1   -3    2    0    0.000000 -0.000000  0.000000
   1    1    3   -2    0   -0.000000  0.000000 -0.000000
   1    1    3    2    0   -0.000000 -0.000000  0.000000
   1    1   -2    3    0    0.000000 -0.000000 -0.000000
   1    1    2    3    0   -0.000000 -0.000000  0.000000
   1    3   -1    0   -4    0.000127  0.000205 -0.000041
   1    3   -1    0    3   -0.000127 -0.000205 -0.000041
   1    3   -1    1   -4   -0.000127  0.000205  0.000041
   1    3   -1    1    3    0.000127 -0.000205  0.000041
   1    3    1    0   -4    0.000127 -0.000205  0.000041
   1    3    1    0    3   -0.000127  0.000205  0.000041
   1    3    1    1   -4   -0.000127 -0.000205 -0.000041
   1    3    1    1    3    0.000127  0.000205 -0.000041
   1    4   -1   -1   -4   -0.000205 -0.000127  0.000041
   1    4   -1   -1    3    0.000205  0.000127  0.000041
   1    4   -1    1   -4    0.000205 -0.000127 -0.000041
   1    4   -1    1    3   -0.000205  0.000127 -0.000041
   1    4    0   -1   -4   -0.000205  0.000127 -0.000041
   1    4    0   -1    3    0.000205 -0.000127 -0.000041
   1    4    0    1   -4    0.000205  0.000127  0.000041
   1    4    0    1    3   -0.000205 -0.000127  0.000041
   1    2   -2   -1   -3    0.000000  0.000000 -0.000000
   1    2   -2   -1    3    0.000000  0.000000 -0.000000
   1    2   -2    2   -3    0.000000 -0.000000 -0.000000
   1    2   -2    2    3    0.000000 -0.000000  0.000000
   1    2    1   -1   -3   -0.000000  0.000000 -0.000000
   1    2    1   -1    3   -0.000000  0.000000  0.000000
   1    2    1    2   -3   -0.000000 -0.000000  0.000000
   1    2    1    2    3   -0.000000 -0.000000  0.000000
   1    3   -1   -2   -3   -0.000056 -0.000026  0.000142
   1    3   -1   -2    2    0.000056  0.000026  0.000142
   1    3   -1    3   -3    0.000056 -0.000026 -0.000142
   1    3   -1    3    2   -0.000056  0.000026 -0.000142
   1    3    1   -2   -3   -0.000056  0.000026 -0.000142
   1    3    1   -2    2    0.000056 -0.000026 -0.000142
   1    3    1    3   -3    0.000056  0.000026  0.000142
   1    3    1    3    2   -0.000056 -0.000026  0.000142
   1    4   -3   -1   -3    0.000026  0.000056 -0.000142
   1    4   -3   -1    2   -0.000026 -0.000056 -0.000142
   1    4   -3    1   -3   -0.000026  0.000056  0.000142
   1    4   -3    1    2    0.000026 -0.000056  0.000142
   1    4    2   -1   -3    0.000026 -0.000056  0.000142
   1    4    2   -1    2   -0.000026  0.000056  0.000142
   1    4    2    1   -3   -0.000026 -0.000056 -0.000142
   1    4    2    1    2    0.000026  0.000056 -0.000142
   1    4   -2   -3   -2   -0.000121 -0.000109  0.000123
   1    4   -2   -3    1    0.000121  0.000109  0.000123
   1    4    1   -3   -2   -0.000121  0.000109 -0.000123
   1    4    1   -3    1    0.000121 -0.000109 -0.000123
   1    3   -3   -1   -2    0.000109  0.000121 -0.000123
   1    3   -3   -1    1   -0.000109 -0.000121 -0.000123
   1    3   -3    2   -2   -0.000109  0.000121  0.000123
   1    3   -3    2    1    0.000109 -0.000121  0.000123
   1    3    3   -1   -2    0.000109 -0.000121  0.000123
   1    3    3   -1    1   -0.000109  0.000121  0.000123
   1    3    3    2   -2   -0.000109 -0.000121 -0.000123
   1    3    3    2    1    0.000109  0.000121 -0.000123
   1    4   -2    3   -2    0.000121 -0.000109 -0.000123
   1    4   -2    3    1   -0.000121  0.000109 -0.000123
   1    4    1    3   -2    0.000121  0.000109  0.000123
   1    4    1    3    1   -0.000121 -0.000109  0.000123
   1    2   -3   -2   -1   -0.000000 -0.000000  0.000000
   1    2   -3   -2    1    0.000000  0.000000 -0.000000
   1    2   -3    3   -1    0.000000  0.000000  0.000000
   1    2   -3    3    1   -0.000000 -0.000000 -0.000000
   1    2    2   -2   -1    0.000000  0.000000  0.000000
   1    2    2   -2    1   -0.000000 -0.000000 -0.000000
   1    2    2    3   -1   -0.000000 -0.000000  0.000000
   1    2    2    3    1    0.000000  0.000000 -0.000000
   1    2   -4    0   -1   -0.000000 -0.000000  0.000000
   1    2   -4    0    1    0.000000  0.000000  0.000000
   1    2   -4    1   -1   -0.000000  0.000000  0.000000
   1    2   -4    1    1    0.000000 -0.000000  0.000000
   1    2   -1   -3   -1   -0.000000 -0.000000  0.000000
   1    2   -1   -3    1    0.000000  0.000000  0.000000
   1    2   -1    4   -1    0.000000 -0.000000 -0.000000
   1    2   -1    4    1   -0.000000  0.000000 -0.000000
   1    2    0   -3   -1    0.000000 -0.000000  0.000000
   1    2    0   -3    1   -0.000000  0.000000  0.000000
   1    2    0    4   -1   -0.000000 -0.000000 -0.000000
   1    2    0    4    1    0.000000  0.000000 -0.000000
   1    2    3    0   -1   -0.000000  0.000000 -0.000000
   1    2    3    0    1    0.000000 -0.000000 -0.000000
   1    2    3    1   -1   -0.000000 -0.000000 -0.000000
   1    2    3    1    1    0.000000  0.000000 -0.000000
   1    3   -1   -3   -1    0.000112  0.000124  0.000649
   1    3   -1   -3    0   -0.000112 -0.000124  0.000649
   1    3   -1    4   -1   -0.000112  0.000124 -0.000649
   1    3   -1    4    0    0.000112 -0.000124 -0.000649
   1    3    1   -3   -1    0.000112 -0.000124 -0.000649
   1    3    1   -3    0   -0.000112  0.000124 -0.000649
   1    3    1    4   -1   -0.000112 -0.000124  0.000649
   1    3    1    4    0    0.000112  0.000124  0.000649
   1    4   -4   -1   -1   -0.000124 -0.000112 -0.000649
   1    4   -4   -1    0    0.000124  0.000112 -0.000649
   1    4   -4    1   -1    0.000124 -0.000112  0.000649
   1    4   -4    1    0   -0.000124  0.000112  0.000649
   1    4    3   -1   -1   -0.000124  0.000112  0.000649
   1    4    3   -1    0    0.000124 -0.000112  0.000649
   1    4    3    1   -1    0.000124  0.000112 -0.000649
   1    4    3    1    0   -0.000124 -0.000112 -0.000649
   1    1   -2   -1   -3   -0.000000  0.000000  0.000000
   1    1   -2   -1    3    0.000000 -0.000000  0.000000
   1    1   -2    1   -3    0.000000 -0.000000  0.000000
   1    1   -2    1    3   -0.000000 -0.000000 -0.000000
   1    1   -1   -2   -3    0.000000 -0.000000  0.000000
   1    1   -1   -2    3   -0.000000  0.000000  0.000000
   1    1   -1    2   -3    0.000000  0.000000  0.000000
   1    1   -1    2    3    0.000000 -0.000000 -0.000000
   1    1    1   -2   -3   -0.000000  0.000000  0.000000
   1    1    1   -2    3   -0.000000 -0.000000 -0.000000
   1    1    1    2   -3    0.000000 -0.000000 -0.000000
   1    1    1    2    3   -0.000000  0.000000 -0.000000
   1    1    2   -1   -3    0.000000  0.000000  0.000000
   1    1    2   -1    3   -0.000000  0.000000 -0.000000
   1    1    2    1   -3   -0.000000  0.000000 -0.000000
   1    1    2    1    3    0.000000 -0.000000 -0.000000
   1    1   -1   -3   -2   -0.000000  0.000000 -0.000000
   1    1    1   -3   -2   -0.000000  0.000000 -0.000000
   1    1   -3   -1   -2    0.000000 -0.000000 -0.000000
   1    1   -3   -1    2   -0.000000  0.000000 -0.000000
   1    1   -3    1   -2    0.000000 -0.000000 -0.000000
   1    1   -3    1    2   -0.000000  0.000000 -0.000000
   1    1   -1   -3    2    0.000000 -0.000000 -0.000000
   1    1    1   -3    2    0.000000 -0.000000 -0.000000
   1    1    3   -1   -2    0.000000 -0.000000  0.000000
   1    1    3   -1    2   -0.000000  0.000000  0.000000
   1    1    3    1   -2    0.000000 -0.000000  0.000000
   1    1    3    1    2   -0.000000  0.000000  0.000000
   1    1   -1    3   -2   -0.000000  0.000000  0.000000
   1    1    1    3   -2   -0.000000  0.000000  0.000000
   1    1   -1    3    2    0.000000 -0.000000  0.000000
   1    1    1    3    2    0.000000 -0.000000  0.000000
   1    1   -2   -3   -1    0.000000  0.000000 -0.000000
   1    1   -2   -3    1   -0.000000  0.000000 -0.000000
   1    1    2   -3   -1   -0.000000 -0.000000  0.000000
   1    1    2   -3    1    0.000000  0.000000  0.000000
   1    1   -3   -2   -1    0.000000  0.000000 -0.000000
   1    1   -3   -2    1    0.000000 -0.000000 -0.000000
   1    1   -3    2   -1   -0.000000 -0.000000  0.000000
   1    1   -3    2    1    0.000000  0.000000  0.000000
   1    1    3   -2   -1   -0.000000 -0.000000 -0.000000
   1    1    3   -2    1    0.000000  0.000000 -0.000000
   1    1    3    2   -1   -0.000000  0.000000  0.000000
   1    1    3    2    1   -0.000000 -0.000000  0.000000
   1    1   -2    3   -1   -0.000000 -0.000000 -0.000000
   1    1   -2    3    1    0.000000  0.000000 -0.000000
   1    1    2    3   -1    0.000000 -0.000000  0.000000
   1    1    2    3    1   -0.000000 -0.000000  0.000000
   1    3    0   -1   -4    0.000186 -0.000000 -0.000000
   1    3    0   -1    3   -0.000186  0.000000  0.000000
   1    3    0    2   -4   -0.000186 -0.000000 -0.000000
   1    3    0    2    3    0.000186  0.000000  0.000000
   1    4   -2    0   -4   -0.000000 -0.000186 -0.000000
   1    4   -2    0    3    0.000000  0.000186  0.000000
   1    4    1    0   -4   -0.000000  0.000186 -0.000000
   1    4    1    0    3    0.000000 -0.000186  0.000000
   1    3    0   -3   -2    0.000042  0.000000  0.000000
   1    3    0   -3    1   -0.000042 -0.000000  0.000000
   1    3    0    4   -2   -0.000042  0.000000 -0.000000
   1    3    0    4    1    0.000042 -0.000000 -0.000000
   1    4   -4    0   -2    0.000000 -0.000042  0.000000
   1    4   -4    0    1   -0.000000  0.000042  0.000000
   1    4    3    0   -2    0.000000  0.000042 -0.000000
   1    4    3    0    1   -0.000000 -0.000042 -0.000000
   1    2   -4   -1    0    0.000000 -0.000000 -0.000000
   1    2   -4    2    0    0.000000  0.000000 -0.000000
   1    2   -2   -3    0   -0.000000  0.000000 -0.000000
   1    2   -2    4    0   -0.000000 -0.000000  0.000000
   1    2    1   -3    0    0.000000  0.000000 -0.000000
   1    2    1    4    0    0.000000 -0.000000  0.000000
   1    2    3   -1    0   -0.000000 -0.000000  0.000000
   1    2    3    2    0   -0.000000  0.000000  0.000000
   1    3   -1   -1   -4   -0.000011  0.000100  0.000029
   1    3   -1   -1    3    0.000011 -0.000100  0.000029
   1    3   -1    2   -4    0.000011  0.000100 -0.000029
   1    3   -1    2    3   -0.000011 -0.000100 -0.000029
   1    3    1   -1   -4   -0.000011 -0.000100 -0.000029
   1    3    1   -1    3    0.000011  0.000100 -0.000029
   1    3    1    2   -4    0.000011 -0.000100  0.000029
   1    3    1    2    3   -0.000011  0.000100  0.000029
   1    4   -2   -1   -4   -0.000100  0.000011 -0.000029
   1    4   -2   -1    3    0.000100 -0.000011 -0.000029
   1    4   -2    1   -4    0.000100  0.000011  0.000029
   1    4   -2    1    3   -0.000100 -0.000011  0.000029
   1    4    1   -1   -4   -0.000100 -0.000011  0.000029
   1    4    1   -1    3    0.000100  0.000011  0.000029
   1    4    1    1   -4    0.000100 -0.000011 -0.000029
   1    4    1    1    3   -0.000100  0.000011 -0.000029
   1    2   -3    0   -3   -0.000000 -0.000000  0.000000
   1    2   -3    0    3   -0.000000 -0.000000 -0.000000
   1    2   -3    1   -3   -0.000000  0.000000  0.000000
   1    2   -3    1    3    0.000000  0.000000 -0.000000
   1    2   -1   -2   -3   -0.000000 -0.000000  0.000000
   1    2   -1   -2    3   -0.000000 -0.000000 -0.000000
   1    2   -1    3   -3   -0.000000 -0.000000  0.000000
   1    2   -1    3    3   -0.000000  0.000000 -0.000000
   1    2    0   -2   -3    0.000000 -0.000000  0.000000
   1    2    0   -2    3    0.000000  0.000000 -0.000000
   1    2    0    3   -3    0.000000  0.000000  0.000000
   1    2    0    3    3    0.000000  0.000000 -0.000000
   1    2    2    0   -3   -0.000000 -0.000000  0.000000
   1    2    2    0    3    0.000000 -0.000000 -0.000000
   1    2    2    1   -3    0.000000  0.000000  0.000000
   1    2    2    1    3    0.000000  0.000000 -0.000000
   1    4   -1   -3   -3    0.000012 -0.000072  0.000103
   1    4   -1   -3    2   -0.000012  0.000072  0.000103
   1    4    0   -3   -3    0.000012  0.000072 -0.000103
   1    4    0   -3    2   -0.000012 -0.000072 -0.000103
   1    3   -3    0   -3    0.000072 -0.000012 -0.000103
   1    3   -3    0    2   -0.000072  0.000012 -0.000103
   1    3   -3    1   -3   -0.000072 -0.000012  0.000103
   1    3   -3    1    2    0.000072  0.000012  0.000103
   1    3    3    0   -3    0.000072  0.000012  0.000103
   1    3    3    0    2   -0.000072 -0.000012  0.000103
   1    3    3    1   -3   -0.000072  0.000012 -0.000103
   1    3    3    1    2    0.000072 -0.000012 -0.000103
   1    4   -1    3   -3   -0.000012 -0.000072 -0.000103
   1    4   -1    3    2    0.000012  0.000072 -0.000103
   1    4    0    3   -3   -0.000012  0.000072  0.000103
   1    4    0    3    2    0.000012 -0.000072  0.000103
   1    3   -1   -3   -2    0.000010 -0.000014 -0.000050
   1    3   -1   -3    1   -0.000010  0.000014 -0.000050
   1    3   -1    4   -2   -0.000010 -0.000014  0.000050
   1    3   -1    4    1    0.000010  0.000014  0.000050
   1    3    1   -3   -2    0.000010  0.000014  0.000050
   1    3    1   -3    1   -0.000010 -0.000014  0.000050
   1    3    1    4   -2   -0.000010  0.000014 -0.000050
   1    3    1    4    1    0.000010 -0.000014 -0.000050
   1    4   -4   -1   -2    0.000014 -0.000010  0.000050
   1    4   -4   -1    1   -0.000014  0.000010  0.000050
   1    4   -4    1   -2   -0.000014 -0.000010 -0.000050
   1    4   -4    1    1    0.000014  0.000010 -0.000050
   1    4    3   -1   -2    0.000014  0.000010 -0.000050
   1    4    3   -1    1   -0.000014 -0.000010 -0.000050
   1    4    3    1   -2   -0.000014  0.000010  0.000050
   1    4    3    1    1    0.000014 -0.000010  0.000050
   1    2   -4   -1   -1    0.000000  0.000000 -0.000000
   1    2   -4   -1    1   -0.000000 -0.000000  0.000000
   1    2   -4    2   -1    0.000000 -0.000000 -0.000000
   1    2   -4    2    1   -0.000000  0.000000  0.000000
   1    2   -2   -3   -1    0.000000  0.000000 -0.000000
   1    2   -2   -3    1   -0.000000 -0.000000  0.000000
   1    2   -2    4   -1   -0.000000  0.000000 -0.000000
   1    2   -2    4    1    0.000000 -0.000000  0.000000
   1    2    1   -3   -1   -0.000000  0.000000 -0.000000
   1    2    1   -3    1    0.000000 -0.000000  0.000000
   1    2    1    4   -1    0.000000  0.000000 -0.000000
   1    2    1    4    1   -0.000000 -0.000000  0.000000
   1    2    3   -1   -1    0.000000 -0.000000 -0.000000
   1    2    3   -1    1   -0.000000  0.000000  0.000000
   1    2    3    2   -1    0.000000  0.000000 -0.000000
   1    2    3    2    1   -0.000000 -0.000000  0.000000
   1    3   -3   -2   -1   -0.000237  0.000288  0.001170
   1    3   -3   -2    0    0.000237 -0.000288  0.001170
   1    3   -3    3   -1    0.000237  0.000288 -0.001170
   1    3   -3    3    0   -0.000237 -0.000288 -0.001170
   1    3    3   -2   -1   -0.000237 -0.000288 -0.001170
   1    3    3   -2    0    0.000237  0.000288 -0.001170
   1    3    3    3   -1    0.000237 -0.000288  0.001170
   1    3    3    3    0   -0.000237  0.000288  0.001170
   1    4   -3   -3   -1   -0.000288  0.000237 -0.001170
   1    4   -3   -3    0    0.000288 -0.000237 -0.001170
   1    4    2   -3   -1   -0.000288 -0.000237  0.001170
   1    4    2   -3    0    0.000288  0.000237  0.001170
   1    4   -3    3   -1    0.000288  0.000237  0.001170
   1    4   -3    3    0   -0.000288 -0.000237  0.001170
   1    4    2    3   -1    0.000288 -0.000237 -0.001170
   1    4    2    3    0   -0.000288  0.000237 -0.001170
   1    1    0    0   -4   -0.000000 -0.000000  0.000000
   1    1    0    0    4    0.000000  0.000000 -0.000000
   1    2   -1    0   -4   -0.000000 -0.000000 -0.000000
   1    2   -1    0    4   -0.000000 -0.000000  0.000000
   1    2   -1    1   -4   -0.000000  0.000000 -0.000000
   1    2   -1    1    4   -0.000000  0.000000  0.000000
   1    2    0    0   -4    0.000000 -0.000000 -0.000000
   1    2    0    0    4    0.000000 -0.000000  0.000000
   1    2    0    1   -4    0.000000  0.000000 -0.000000
   1    2    0    1    4    0.000000  0.000000  0.000000
   1    1   -4    0    0   -0.000000  0.000000  0.000000
   1    1    0   -4    0    0.000000 -0.000000 -0.000000
   1    1    0    4    0   -0.000000  0.000000  0.000000
   1    1    4    0    0    0.000000 -0.000000 -0.000000
