   2    3    0    0    0    0.139561
   2    3    1    0    0    0.139561
   2    4    0   -1    0    0.139561
   2    4    0    0    0    0.139561
   2    3    0    0   -1    0.139561
   2    3    1    0   -1    0.139561
   2    4    0   -1   -1    0.139561
   2    4    0    0   -1    0.139561
   2    1    0   -1    0   -0.366404
   2    1    0    0    0   -0.366404
   2    1    1   -1    0   -0.366404
   2    1    1    0    0   -0.366404
   2    2    0    0   -1    0.010617
   2    2    0    0    1    0.010617
   2    2   -1    0    0    0.020459
   2    2    0   -1    0    0.020459
   2    2    0    1    0    0.020459
   2    2    1    0    0    0.020459
   2    1    0   -1   -1   -0.001364
   2    1    0   -1    1   -0.001364
   2    1    0    0   -1   -0.001364
   2    1    0    0    1   -0.001364
   2    1    1   -1   -1   -0.001364
   2    1    1   -1    1   -0.001364
   2    1    1    0   -1   -0.001364
   2    1    1    0    1   -0.001364
   2    3    0   -1    0    0.015748
   2    3    0    1    0    0.015748
   2    3    1   -1    0    0.015748
   2    3    1    1    0    0.015748
   2    4   -1   -1   -1    0.015748
   2    4   -1   -1    0    0.015748
   2    4   -1    0   -1    0.015748
   2    4   -1    0    0    0.015748
   2    4    1   -1   -1    0.015748
   2    4    1   -1    0    0.015748
   2    4    1    0   -1    0.015748
   2    4    1    0    0    0.015748
   2    3    0   -1   -1    0.015748
   2    3    0    1   -1    0.015748
   2    3    1   -1   -1    0.015748
   2    3    1    1   -1    0.015748
   2    2   -1    0   -1    0.003033
   2    2   -1    0    1    0.003033
   2    2    0   -1   -1    0.003033
   2    2    0   -1    1    0.003033
   2    2    0    1   -1    0.003033
   2    2    0    1    1    0.003033
   2    2    1    0   -1    0.003033
   2    2    1    0    1    0.003033
   2    2   -1   -1    0    0.038366
   2    2   -1    1    0    0.038366
   2    2    1   -1    0    0.038366
   2    2    1    1    0    0.038366
   2    3    0    0    1    0.002255
   2    3    1    0    1    0.002255
   2    4    0   -1    1    0.002255
   2    4    0    0    1    0.002255
   2    3    0    0   -2    0.002255
   2    3    1    0   -2    0.002255
   2    4    0   -1   -2    0.002255
   2    4    0    0   -2    0.002255
   2    3   -1    0    0    0.003361
   2    3    2    0    0    0.003361
   2    4    0   -2    0    0.003361
   2    4    0    1    0    0.003361
   2    3   -1    0   -1    0.003361
   2    3    2    0   -1    0.003361
   2    4    0   -2   -1    0.003361
   2    4    0    1   -1    0.003361
   2    1   -1   -1    0   -0.010214
   2    1   -1    0    0   -0.010214
   2    1    0   -2    0   -0.010214
   2    1    0    1    0   -0.010214
   2    1    1   -2    0   -0.010214
   2    1    1    1    0   -0.010214
   2    1    2   -1    0   -0.010214
   2    1    2    0    0   -0.010214
   2    2   -1   -1   -1   -0.000130
   2    2   -1   -1    1   -0.000130
   2    2   -1    1   -1   -0.000130
   2    2   -1    1    1   -0.000130
   2    2    1   -1   -1   -0.000130
   2    2    1   -1    1   -0.000130
   2    2    1    1   -1   -0.000130
   2    2    1    1    1   -0.000130
   2    3    0   -1    1   -0.000958
   2    3    0    1    1   -0.000958
   2    3    1   -1    1   -0.000958
   2    3    1    1    1   -0.000958
   2    4   -1   -1   -2   -0.000958
   2    4   -1   -1    1   -0.000958
   2    4   -1    0   -2   -0.000958
   2    4   -1    0    1   -0.000958
   2    4    1   -1   -2   -0.000958
   2    4    1   -1    1   -0.000958
   2    4    1    0   -2   -0.000958
   2    4    1    0    1   -0.000958
   2    3    0   -1   -2   -0.000958
   2    3    0    1   -2   -0.000958
   2    3    1   -1   -2   -0.000958
   2    3    1    1   -2   -0.000958
   2    1   -1   -1   -1   -0.001527
   2    1   -1   -1    1   -0.001527
   2    1   -1    0   -1   -0.001527
   2    1   -1    0    1   -0.001527
   2    1    2   -1   -1   -0.001527
   2    1    2   -1    1   -0.001527
   2    1    2    0   -1   -0.001527
   2    1    2    0    1   -0.001527
   2    1    0   -2   -1   -0.001527
   2    1    0   -2    1   -0.001527
   2    1    0    1   -1   -0.001527
   2    1    0    1    1   -0.001527
   2    1    1   -2   -1   -0.001527
   2    1    1   -2    1   -0.001527
   2    1    1    1   -1   -0.001527
   2    1    1    1    1   -0.001527
   2    3   -1   -1    0   -0.002143
   2    3   -1    1    0   -0.002143
   2    3    2   -1    0   -0.002143
   2    3    2    1    0   -0.002143
   2    4   -1   -2    0   -0.002143
   2    4   -1    1    0   -0.002143
   2    4    1   -2    0   -0.002143
   2    4    1    1    0   -0.002143
   2    3   -1   -1   -1   -0.002143
   2    3   -1    1   -1   -0.002143
   2    3    2   -1   -1   -0.002143
   2    3    2    1   -1   -0.002143
   2    4   -1   -2   -1   -0.002143
   2    4   -1    1   -1   -0.002143
   2    4    1   -2   -1   -0.002143
   2    4    1    1   -1   -0.002143
   2    2    0    0   -2   -0.000693
   2    2    0    0    2   -0.000693
   2    2    2    0    0    0.004556
   2    2   -2    0    0    0.004556
   2    2    0   -2    0    0.004556
   2    2    0    2    0    0.004556
   2    1    0   -1   -2    0.000056
   2    1    0    0   -2    0.000056
   2    1    1   -1   -2    0.000056
   2    1    1    0   -2    0.000056
   2    1    0   -1    2    0.000056
   2    1    0    0    2    0.000056
   2    1    1   -1    2    0.000056
   2    1    1    0    2    0.000056
   2    3   -1    0    1   -0.001729
   2    3    2    0    1   -0.001729
   2    4    0   -2    1   -0.001729
   2    4    0    1    1   -0.001729
   2    3   -1    0   -2   -0.001729
   2    3    2    0   -2   -0.001729
   2    4    0   -2   -2   -0.001729
   2    4    0    1   -2   -0.001729
   2    4    2   -1    0    0.000134
   2    4    2    0    0    0.000134
   2    4   -2   -1    0    0.000134
   2    4   -2    0    0    0.000134
   2    4    2   -1   -1    0.000134
   2    4    2    0   -1    0.000134
   2    3    0   -2   -1    0.000134
   2    3    0   -2    0    0.000134
   2    3    0    2   -1    0.000134
   2    3    0    2    0    0.000134
   2    3    1   -2   -1    0.000134
   2    3    1   -2    0    0.000134
   2    3    1    2   -1    0.000134
   2    3    1    2    0    0.000134
   2    4   -2   -1   -1    0.000134
   2    4   -2    0   -1    0.000134
   2    1   -1   -2    0   -0.009454
   2    1   -1    1    0   -0.009454
   2    1    2   -2    0   -0.009454
   2    1    2    1    0   -0.009454
   2    2   -1    0   -2    0.000075
   2    2    0   -1   -2    0.000075
   2    2    0    1   -2    0.000075
   2    2    1    0   -2    0.000075
   2    2   -1    0    2    0.000075
   2    2    0   -1    2    0.000075
   2    2    0    1    2    0.000075
   2    2    1    0    2    0.000075
   2    2   -2    0   -1   -0.000326
   2    2   -2    0    1   -0.000326
   2    2    0   -2   -1   -0.000326
   2    2    0   -2    1   -0.000326
   2    2    0    2   -1   -0.000326
   2    2    0    2    1   -0.000326
   2    2    2    0   -1   -0.000326
   2    2    2    0    1   -0.000326
   2    2   -2   -1    0    0.002501
   2    2   -2    1    0    0.002501
   2    2    2   -1    0    0.002501
   2    2    2    1    0    0.002501
   2    2   -1   -2    0    0.002501
   2    2   -1    2    0    0.002501
   2    2    1   -2    0    0.002501
   2    2    1    2    0    0.002501
   2    3   -1   -1   -2    0.000355
   2    3   -1   -1    1    0.000355
   2    3   -1    1   -2    0.000355
   2    3   -1    1    1    0.000355
   2    3    2   -1   -2    0.000355
   2    3    2   -1    1    0.000355
   2    3    2    1   -2    0.000355
   2    3    2    1    1    0.000355
   2    4   -1   -2   -2    0.000355
   2    4   -1   -2    1    0.000355
   2    4   -1    1   -2    0.000355
   2    4   -1    1    1    0.000355
   2    4    1   -2   -2    0.000355
   2    4    1   -2    1    0.000355
   2    4    1    1   -2    0.000355
   2    4    1    1    1    0.000355
   2    1   -1   -2   -1    0.000055
   2    1   -1   -2    1    0.000055
   2    1   -1    1   -1    0.000055
   2    1   -1    1    1    0.000055
   2    1    2   -2   -1    0.000055
   2    1    2   -2    1    0.000055
   2    1    2    1   -1    0.000055
   2    1    2    1    1    0.000055
   2    2   -1   -1   -2   -0.000298
   2    2   -1   -1    2   -0.000298
   2    2   -1    1   -2   -0.000298
   2    2   -1    1    2   -0.000298
   2    2    1   -1   -2   -0.000298
   2    2    1   -1    2   -0.000298
   2    2    1    1   -2   -0.000298
   2    2    1    1    2   -0.000298
   2    2   -2   -1   -1    0.000136
   2    2   -2   -1    1    0.000136
   2    2   -2    1   -1    0.000136
   2    2   -2    1    1    0.000136
   2    2   -1   -2   -1    0.000136
   2    2   -1   -2    1    0.000136
   2    2   -1    2   -1    0.000136
   2    2   -1    2    1    0.000136
   2    2    1   -2   -1    0.000136
   2    2    1   -2    1    0.000136
   2    2    1    2   -1    0.000136
   2    2    1    2    1    0.000136
   2    2    2   -1   -1    0.000136
   2    2    2   -1    1    0.000136
   2    2    2    1   -1    0.000136
   2    2    2    1    1    0.000136
   2    3    0    0   -3   -0.000892
   2    3    0    0    2   -0.000892
   2    3    1    0   -3   -0.000892
   2    3    1    0    2   -0.000892
   2    4    0   -1   -3   -0.000892
   2    4    0   -1    2   -0.000892
   2    4    0    0   -3   -0.000892
   2    4    0    0    2   -0.000892
   2    1   -1   -1   -2    0.000231
   2    1   -1   -1    2    0.000231
   2    1   -1    0   -2    0.000231
   2    1   -1    0    2    0.000231
   2    1    0   -2   -2    0.000231
   2    1    0   -2    2    0.000231
   2    1    0    1   -2    0.000231
   2    1    0    1    2    0.000231
   2    1    1   -2   -2    0.000231
   2    1    1   -2    2    0.000231
   2    1    1    1   -2    0.000231
   2    1    1    1    2    0.000231
   2    1    2   -1   -2    0.000231
   2    1    2   -1    2    0.000231
   2    1    2    0   -2    0.000231
   2    1    2    0    2    0.000231
   2    3    0   -2    1   -0.000007
   2    3    0    2    1   -0.000007
   2    3    1   -2    1   -0.000007
   2    3    1    2    1   -0.000007
   2    4   -2   -1   -2   -0.000007
   2    4   -2   -1    1   -0.000007
   2    4   -2    0   -2   -0.000007
   2    4   -2    0    1   -0.000007
   2    4    2   -1   -2   -0.000007
   2    4    2   -1    1   -0.000007
   2    4    2    0   -2   -0.000007
   2    4    2    0    1   -0.000007
   2    3    0   -2   -2   -0.000007
   2    3    0    2   -2   -0.000007
   2    3    1   -2   -2   -0.000007
   2    3    1    2   -2   -0.000007
   2    3   -2    0   -1   -0.000372
   2    3   -2    0    0   -0.000372
   2    3    3    0   -1   -0.000372
   2    3    3    0    0   -0.000372
   2    4    0   -3   -1   -0.000372
   2    4    0   -3    0   -0.000372
   2    4    0    2   -1   -0.000372
   2    4    0    2    0   -0.000372
   2    4    2   -2   -1   -0.000402
   2    4    2   -2    0   -0.000402
   2    4    2    1   -1   -0.000402
   2    4    2    1    0   -0.000402
   2    3   -1   -2   -1   -0.000402
   2    3   -1   -2    0   -0.000402
   2    3   -1    2   -1   -0.000402
   2    3   -1    2    0   -0.000402
   2    3    2   -2   -1   -0.000402
   2    3    2   -2    0   -0.000402
   2    3    2    2   -1   -0.000402
   2    3    2    2    0   -0.000402
   2    4   -2   -2   -1   -0.000402
   2    4   -2   -2    0   -0.000402
   2    4   -2    1   -1   -0.000402
   2    4   -2    1    0   -0.000402
   2    1   -2   -1    0   -0.001069
   2    1   -2    0    0   -0.001069
   2    1    0   -3    0   -0.001069
   2    1    0    2    0   -0.001069
   2    1    1   -3    0   -0.001069
   2    1    1    2    0   -0.001069
   2    1    3   -1    0   -0.001069
   2    1    3    0    0   -0.001069
   2    3    0   -1   -3    0.000059
   2    3    0   -1    2    0.000059
   2    3    0    1   -3    0.000059
   2    3    0    1    2    0.000059
   2    3    1   -1   -3    0.000059
   2    3    1   -1    2    0.000059
   2    3    1    1   -3    0.000059
   2    3    1    1    2    0.000059
   2    4   -1   -1   -3    0.000059
   2    4   -1   -1    2    0.000059
   2    4   -1    0   -3    0.000059
   2    4   -1    0    2    0.000059
   2    4    1   -1   -3    0.000059
   2    4    1   -1    2    0.000059
   2    4    1    0   -3    0.000059
   2    4    1    0    2    0.000059
   2    1   -2   -1   -1    0.000199
   2    1   -2   -1    1    0.000199
   2    1   -2    0   -1    0.000199
   2    1   -2    0    1    0.000199
   2    1    0   -3   -1    0.000199
   2    1    0   -3    1    0.000199
   2    1    0    2   -1    0.000199
   2    1    0    2    1    0.000199
   2    1    1   -3   -1    0.000199
   2    1    1   -3    1    0.000199
   2    1    1    2   -1    0.000199
   2    1    1    2    1    0.000199
   2    1    3   -1   -1    0.000199
   2    1    3   -1    1    0.000199
   2    1    3    0   -1    0.000199
   2    1    3    0    1    0.000199
   2    3   -2   -1   -1   -0.000246
   2    3   -2   -1    0   -0.000246
   2    3   -2    1   -1   -0.000246
   2    3   -2    1    0   -0.000246
   2    3    3   -1   -1   -0.000246
   2    3    3   -1    0   -0.000246
   2    3    3    1   -1   -0.000246
   2    3    3    1    0   -0.000246
   2    4   -1   -3   -1   -0.000246
   2    4   -1   -3    0   -0.000246
   2    4   -1    2   -1   -0.000246
   2    4   -1    2    0   -0.000246
   2    4    1   -3   -1   -0.000246
   2    4    1   -3    0   -0.000246
   2    4    1    2   -1   -0.000246
   2    4    1    2    0   -0.000246
   2    2   -2    0   -2    0.000114
   2    2    0   -2   -2    0.000114
   2    2    0    2   -2    0.000114
   2    2    2    0   -2    0.000114
   2    2    2    0    2    0.000114
   2    2   -2    0    2    0.000114
   2    2    0   -2    2    0.000114
   2    2    0    2    2    0.000114
   2    2   -2   -2    0   -0.000566
   2    2   -2    2    0   -0.000566
   2    2    2   -2    0   -0.000566
   2    2    2    2    0   -0.000566
   2    3   -1    0   -3   -0.000495
   2    3   -1    0    2   -0.000495
   2    3    2    0   -3   -0.000495
   2    3    2    0    2   -0.000495
   2    4    0   -2   -3   -0.000495
   2    4    0   -2    2   -0.000495
   2    4    0    1   -3   -0.000495
   2    4    0    1    2   -0.000495
   2    1   -1   -2   -2   -0.000018
   2    1   -1    1   -2   -0.000018
   2    1    2   -2   -2   -0.000018
   2    1    2    1   -2   -0.000018
   2    1   -1   -2    2   -0.000018
   2    1   -1    1    2   -0.000018
   2    1    2   -2    2   -0.000018
   2    1    2    1    2   -0.000018
   2    3   -2    0   -2    0.000048
   2    3   -2    0    1    0.000048
   2    3    3    0   -2    0.000048
   2    3    3    0    1    0.000048
   2    4    0   -3   -2    0.000048
   2    4    0   -3    1    0.000048
   2    4    0    2   -2    0.000048
   2    4    0    2    1    0.000048
   2    4    2   -2   -2   -0.000023
   2    4    2   -2    1   -0.000023
   2    4    2    1   -2   -0.000023
   2    4    2    1    1   -0.000023
   2    3   -1   -2   -2   -0.000023
   2    3   -1   -2    1   -0.000023
   2    3   -1    2   -2   -0.000023
   2    3   -1    2    1   -0.000023
   2    3    2   -2   -2   -0.000023
   2    3    2   -2    1   -0.000023
   2    3    2    2   -2   -0.000023
   2    3    2    2    1   -0.000023
   2    4   -2   -2   -2   -0.000023
   2    4   -2   -2    1   -0.000023
   2    4   -2    1   -2   -0.000023
   2    4   -2    1    1   -0.000023
   2    1   -2   -2    0   -0.000864
   2    1   -2    1    0   -0.000864
   2    1   -1   -3    0   -0.000864
   2    1   -1    2    0   -0.000864
   2    1    2   -3    0   -0.000864
   2    1    2    2    0   -0.000864
   2    1    3   -2    0   -0.000864
   2    1    3    1    0   -0.000864
   2    2    0    0   -3    0.000364
   2    2    0    0    3    0.000364
   2    2   -2   -1   -2   -0.000027
   2    2   -2   -1    2   -0.000027
   2    2   -2    1   -2   -0.000027
   2    2   -2    1    2   -0.000027
   2    2   -1   -2   -2   -0.000027
   2    2   -1    2   -2   -0.000027
   2    2    1   -2   -2   -0.000027
   2    2    1    2   -2   -0.000027
   2    2    2   -1   -2   -0.000027
   2    2    2   -1    2   -0.000027
   2    2    2    1   -2   -0.000027
   2    2    2    1    2   -0.000027
   2    2   -1   -2    2   -0.000027
   2    2   -1    2    2   -0.000027
   2    2    1   -2    2   -0.000027
   2    2    1    2    2   -0.000027
   2    2   -2   -2   -1   -0.000389
   2    2   -2   -2    1   -0.000389
   2    2   -2    2   -1   -0.000389
   2    2   -2    2    1   -0.000389
   2    2    2   -2   -1   -0.000389
   2    2    2   -2    1   -0.000389
   2    2    2    2   -1   -0.000389
   2    2    2    2    1   -0.000389
   2    2   -3    0    0   -0.000375
   2    2    0   -3    0   -0.000375
   2    2    0    3    0   -0.000375
   2    2    3    0    0   -0.000375
   2    1    0   -1   -3   -0.000163
   2    1    0   -1    3   -0.000163
   2    1    0    0   -3   -0.000163
   2    1    0    0    3   -0.000163
   2    1    1   -1   -3   -0.000163
   2    1    1   -1    3   -0.000163
   2    1    1    0   -3   -0.000163
   2    1    1    0    3   -0.000163
   2    3   -1   -1   -3    0.000158
   2    3   -1   -1    2    0.000158
   2    3   -1    1   -3    0.000158
   2    3   -1    1    2    0.000158
   2    3    2   -1   -3    0.000158
   2    3    2   -1    2    0.000158
   2    3    2    1   -3    0.000158
   2    3    2    1    2    0.000158
   2    4   -1   -2   -3    0.000158
   2    4   -1   -2    2    0.000158
   2    4   -1    1   -3    0.000158
   2    4   -1    1    2    0.000158
   2    4    1   -2   -3    0.000158
   2    4    1   -2    2    0.000158
   2    4    1    1   -3    0.000158
   2    4    1    1    2    0.000158
   2    3   -2   -1   -2    0.000028
   2    3   -2   -1    1    0.000028
   2    3   -2    1   -2    0.000028
   2    3   -2    1    1    0.000028
   2    3    3   -1   -2    0.000028
   2    3    3   -1    1    0.000028
   2    3    3    1   -2    0.000028
   2    3    3    1    1    0.000028
   2    4   -1   -3   -2    0.000028
   2    4   -1   -3    1    0.000028
   2    4   -1    2   -2    0.000028
   2    4   -1    2    1    0.000028
   2    4    1   -3   -2    0.000028
   2    4    1   -3    1    0.000028
   2    4    1    2   -2    0.000028
   2    4    1    2    1    0.000028
   2    1   -2   -2   -1   -0.000054
   2    1   -2   -2    1   -0.000054
   2    1   -2    1   -1   -0.000054
   2    1   -2    1    1   -0.000054
   2    1   -1   -3   -1   -0.000054
   2    1   -1   -3    1   -0.000054
   2    1   -1    2   -1   -0.000054
   2    1   -1    2    1   -0.000054
   2    1    2   -3   -1   -0.000054
   2    1    2   -3    1   -0.000054
   2    1    2    2   -1   -0.000054
   2    1    2    2    1   -0.000054
   2    1    3   -2   -1   -0.000054
   2    1    3   -2    1   -0.000054
   2    1    3    1   -1   -0.000054
   2    1    3    1    1   -0.000054
   2    4   -3   -1   -1    0.000183
   2    4   -3   -1    0    0.000183
   2    4   -3    0   -1    0.000183
   2    4   -3    0    0    0.000183
   2    3    0   -3   -1    0.000183
   2    3    0   -3    0    0.000183
   2    3    0    3   -1    0.000183
   2    3    0    3    0    0.000183
   2    3    1   -3   -1    0.000183
   2    3    1   -3    0    0.000183
   2    3    1    3   -1    0.000183
   2    3    1    3    0    0.000183
   2    4    3   -1   -1    0.000183
   2    4    3   -1    0    0.000183
   2    4    3    0   -1    0.000183
   2    4    3    0    0    0.000183
   2    2   -1    0   -3    0.000006
   2    2   -1    0    3    0.000006
   2    2    0   -1   -3    0.000006
   2    2    0   -1    3    0.000006
   2    2    0    1   -3    0.000006
   2    2    0    1    3    0.000006
   2    2    1    0   -3    0.000006
   2    2    1    0    3    0.000006
   2    2   -3    0   -1   -0.000138
   2    2   -3    0    1   -0.000138
   2    2    0   -3   -1   -0.000138
   2    2    0   -3    1   -0.000138
   2    2    0    3   -1   -0.000138
   2    2    0    3    1   -0.000138
   2    2    3    0   -1   -0.000138
   2    2    3    0    1   -0.000138
   2    2   -3   -1    0    0.000082
   2    2   -3    1    0    0.000082
   2    2   -1   -3    0    0.000082
   2    2   -1    3    0    0.000082
   2    2    1   -3    0    0.000082
   2    2    1    3    0    0.000082
   2    2    3   -1    0    0.000082
   2    2    3    1    0    0.000082
   2    4    2   -1   -3    0.000305
   2    4    2   -1    2    0.000305
   2    4    2    0   -3    0.000305
   2    4    2    0    2    0.000305
   2    3    0   -2   -3    0.000305
   2    3    0   -2    2    0.000305
   2    3    0    2   -3    0.000305
   2    3    0    2    2    0.000305
   2    3    1   -2   -3    0.000305
   2    3    1   -2    2    0.000305
   2    3    1    2   -3    0.000305
   2    3    1    2    2    0.000305
   2    4   -2   -1   -3    0.000305
   2    4   -2   -1    2    0.000305
   2    4   -2    0   -3    0.000305
   2    4   -2    0    2    0.000305
   2    1   -2   -1   -2   -0.000137
   2    1   -2   -1    2   -0.000137
   2    1   -2    0   -2   -0.000137
   2    1   -2    0    2   -0.000137
   2    1    0   -3   -2   -0.000137
   2    1    0   -3    2   -0.000137
   2    1    0    2   -2   -0.000137
   2    1    0    2    2   -0.000137
   2    1    1   -3   -2   -0.000137
   2    1    1   -3    2   -0.000137
   2    1    1    2   -2   -0.000137
   2    1    1    2    2   -0.000137
   2    1    3   -1   -2   -0.000137
   2    1    3   -1    2   -0.000137
   2    1    3    0   -2   -0.000137
   2    1    3    0    2   -0.000137
   2    4    2   -3   -1    0.000130
   2    4    2   -3    0    0.000130
   2    4    2    2   -1    0.000130
   2    4    2    2    0    0.000130
   2    3   -2   -2   -1    0.000130
   2    3   -2   -2    0    0.000130
   2    3   -2    2   -1    0.000130
   2    3   -2    2    0    0.000130
   2    3    3   -2   -1    0.000130
   2    3    3   -2    0    0.000130
   2    3    3    2   -1    0.000130
   2    3    3    2    0    0.000130
   2    4   -2   -3   -1    0.000130
   2    4   -2   -3    0    0.000130
   2    4   -2    2   -1    0.000130
   2    4   -2    2    0    0.000130
   2    2   -1   -1   -3    0.000006
   2    2   -1   -1    3    0.000006
   2    2   -1    1   -3    0.000006
   2    2   -1    1    3    0.000006
   2    2    1   -1   -3    0.000006
   2    2    1   -1    3    0.000006
   2    2    1    1   -3    0.000006
   2    2    1    1    3    0.000006
   2    2   -3   -1   -1   -0.000174
   2    2   -3   -1    1   -0.000174
   2    2   -3    1   -1   -0.000174
   2    2   -3    1    1   -0.000174
   2    2   -1   -3   -1   -0.000174
   2    2   -1   -3    1   -0.000174
   2    2   -1    3   -1   -0.000174
   2    2   -1    3    1   -0.000174
   2    2    1   -3   -1   -0.000174
   2    2    1   -3    1   -0.000174
   2    2    1    3   -1   -0.000174
   2    2    1    3    1   -0.000174
   2    2    3   -1   -1   -0.000174
   2    2    3   -1    1   -0.000174
   2    2    3    1   -1   -0.000174
   2    2    3    1    1   -0.000174
   2    1   -1   -1   -3    0.000042
   2    1   -1   -1    3    0.000042
   2    1   -1    0   -3    0.000042
   2    1   -1    0    3    0.000042
   2    1    0   -2   -3    0.000042
   2    1    0   -2    3    0.000042
   2    1    0    1   -3    0.000042
   2    1    0    1    3    0.000042
   2    1    1   -2   -3    0.000042
   2    1    1   -2    3    0.000042
   2    1    1    1   -3    0.000042
   2    1    1    1    3    0.000042
   2    1    2   -1   -3    0.000042
   2    1    2   -1    3    0.000042
   2    1    2    0   -3    0.000042
   2    1    2    0    3    0.000042
   2    4   -3   -1   -2   -0.000286
   2    4   -3   -1    1   -0.000286
   2    4   -3    0   -2   -0.000286
   2    4   -3    0    1   -0.000286
   2    3    0   -3   -2   -0.000286
   2    3    0   -3    1   -0.000286
   2    3    0    3   -2   -0.000286
   2    3    0    3    1   -0.000286
   2    3    1   -3   -2   -0.000286
   2    3    1   -3    1   -0.000286
   2    3    1    3   -2   -0.000286
   2    3    1    3    1   -0.000286
   2    4    3   -1   -2   -0.000286
   2    4    3   -1    1   -0.000286
   2    4    3    0   -2   -0.000286
   2    4    3    0    1   -0.000286
   2    4   -3   -2   -1    0.000041
   2    4   -3   -2    0    0.000041
   2    4   -3    1   -1    0.000041
   2    4   -3    1    0    0.000041
   2    3   -1   -3   -1    0.000041
   2    3   -1   -3    0    0.000041
   2    3   -1    3   -1    0.000041
   2    3   -1    3    0    0.000041
   2    3    2   -3   -1    0.000041
   2    3    2   -3    0    0.000041
   2    3    2    3   -1    0.000041
   2    3    2    3    0    0.000041
   2    4    3   -2   -1    0.000041
   2    4    3   -2    0    0.000041
   2    4    3    1   -1    0.000041
   2    4    3    1    0    0.000041
   2    2   -2   -2   -2   -0.000051
   2    2   -2   -2    2   -0.000051
   2    2   -2    2   -2   -0.000051
   2    2   -2    2    2   -0.000051
   2    2    2   -2   -2   -0.000051
   2    2    2   -2    2   -0.000051
   2    2    2    2   -2   -0.000051
   2    2    2    2    2   -0.000051
   2    3    0    0   -4    0.000236
   2    3    0    0    3    0.000236
   2    3    1    0   -4    0.000236
   2    3    1    0    3    0.000236
   2    4    0   -1   -4    0.000236
   2    4    0   -1    3    0.000236
   2    4    0    0   -4    0.000236
   2    4    0    0    3    0.000236
   2    3   -2    0   -3    0.000122
   2    3   -2    0    2    0.000122
   2    3    3    0   -3    0.000122
   2    3    3    0    2    0.000122
   2    4    0   -3   -3    0.000122
   2    4    0   -3    2    0.000122
   2    4    0    2   -3    0.000122
   2    4    0    2    2    0.000122
   2    4    2   -2   -3    0.000031
   2    4    2   -2    2    0.000031
   2    4    2    1   -3    0.000031
   2    4    2    1    2    0.000031
   2    3   -1   -2   -3    0.000031
   2    3   -1   -2    2    0.000031
   2    3   -1    2   -3    0.000031
   2    3   -1    2    2    0.000031
   2    3    2   -2   -3    0.000031
   2    3    2   -2    2    0.000031
   2    3    2    2   -3    0.000031
   2    3    2    2    2    0.000031
   2    4   -2   -2   -3    0.000031
   2    4   -2   -2    2    0.000031
   2    4   -2    1   -3    0.000031
   2    4   -2    1    2    0.000031
   2    1   -2   -2   -2    0.000002
   2    1   -2   -2    2    0.000002
   2    1   -2    1   -2    0.000002
   2    1   -2    1    2    0.000002
   2    1   -1   -3   -2    0.000002
   2    1   -1   -3    2    0.000002
   2    1   -1    2   -2    0.000002
   2    1   -1    2    2    0.000002
   2    1    2   -3   -2    0.000002
   2    1    2   -3    2    0.000002
   2    1    2    2   -2    0.000002
   2    1    2    2    2    0.000002
   2    1    3   -2   -2    0.000002
   2    1    3   -2    2    0.000002
   2    1    3    1   -2    0.000002
   2    1    3    1    2    0.000002
   2    4    2   -3   -2    0.000073
   2    4    2   -3    1    0.000073
   2    4    2    2   -2    0.000073
   2    4    2    2    1    0.000073
   2    3   -2   -2   -2    0.000073
   2    3   -2   -2    1    0.000073
   2    3   -2    2   -2    0.000073
   2    3   -2    2    1    0.000073
   2    3    3   -2   -2    0.000073
   2    3    3   -2    1    0.000073
   2    3    3    2   -2    0.000073
   2    3    3    2    1    0.000073
   2    4   -2   -3   -2    0.000073
   2    4   -2   -3    1    0.000073
   2    4   -2    2   -2    0.000073
   2    4   -2    2    1    0.000073
   2    3   -3    0   -1    0.000010
   2    3   -3    0    0    0.000010
   2    3    4    0   -1    0.000010
   2    3    4    0    0    0.000010
   2    4    0   -4   -1    0.000010
   2    4    0   -4    0    0.000010
   2    4    0    3   -1    0.000010
   2    4    0    3    0    0.000010
   2    1   -2   -3    0    0.001037
   2    1   -2    2    0    0.001037
   2    1    3   -3    0    0.001037
   2    1    3    2    0    0.001037
   2    1   -3   -1    0    0.000428
   2    1   -3    0    0    0.000428
   2    1    0   -4    0    0.000428
   2    1    0    3    0    0.000428
   2    1    1   -4    0    0.000428
   2    1    1    3    0    0.000428
   2    1    4   -1    0    0.000428
   2    1    4    0    0    0.000428
   2    2   -2    0   -3    0.000053
   2    2   -2    0    3    0.000053
   2    2    0   -2   -3    0.000053
   2    2    0   -2    3    0.000053
   2    2    0    2   -3    0.000053
   2    2    0    2    3    0.000053
   2    2    2    0   -3    0.000053
   2    2    2    0    3    0.000053
   2    2   -3    0   -2    0.000088
   2    2   -3    0    2    0.000088
   2    2    0   -3   -2    0.000088
   2    2    0    3   -2    0.000088
   2    2    0   -3    2    0.000088
   2    2    0    3    2    0.000088
   2    2    3    0   -2    0.000088
   2    2    3    0    2    0.000088
   2    2   -3   -2    0    0.000382
   2    2   -3    2    0    0.000382
   2    2   -2   -3    0    0.000382
   2    2   -2    3    0    0.000382
   2    2    2   -3    0    0.000382
   2    2    2    3    0    0.000382
   2    2    3   -2    0    0.000382
   2    2    3    2    0    0.000382
   2    3    0   -1   -4    0.000149
   2    3    0   -1    3    0.000149
   2    3    0    1   -4    0.000149
   2    3    0    1    3    0.000149
   2    3    1   -1   -4    0.000149
   2    3    1   -1    3    0.000149
   2    3    1    1   -4    0.000149
   2    3    1    1    3    0.000149
   2    4   -1   -1   -4    0.000149
   2    4   -1   -1    3    0.000149
   2    4   -1    0   -4    0.000149
   2    4   -1    0    3    0.000149
   2    4    1   -1   -4    0.000149
   2    4    1   -1    3    0.000149
   2    4    1    0   -4    0.000149
   2    4    1    0    3    0.000149
   2    1   -1   -2   -3   -0.000052
   2    1   -1   -2    3   -0.000052
   2    1   -1    1   -3   -0.000052
   2    1   -1    1    3   -0.000052
   2    1    2   -2   -3   -0.000052
   2    1    2   -2    3   -0.000052
   2    1    2    1   -3   -0.000052
   2    1    2    1    3   -0.000052
   2    3   -2   -1   -3    0.000154
   2    3   -2   -1    2    0.000154
   2    3   -2    1   -3    0.000154
   2    3   -2    1    2    0.000154
   2    3    3   -1   -3    0.000154
   2    3    3   -1    2    0.000154
   2    3    3    1   -3    0.000154
   2    3    3    1    2    0.000154
   2    4   -1   -3   -3    0.000154
   2    4   -1   -3    2    0.000154
   2    4   -1    2   -3    0.000154
   2    4   -1    2    2    0.000154
   2    4    1   -3   -3    0.000154
   2    4    1   -3    2    0.000154
   2    4    1    2   -3    0.000154
   2    4    1    2    2    0.000154
   2    3   -1   -3   -2   -0.000036
   2    3   -1   -3    1   -0.000036
   2    3   -1    3   -2   -0.000036
   2    3   -1    3    1   -0.000036
   2    3    2   -3   -2   -0.000036
   2    3    2   -3    1   -0.000036
   2    3    2    3   -2   -0.000036
   2    3    2    3    1   -0.000036
   2    4   -3   -2   -2   -0.000036
   2    4   -3   -2    1   -0.000036
   2    4   -3    1   -2   -0.000036
   2    4   -3    1    1   -0.000036
   2    4    3   -2   -2   -0.000036
   2    4    3   -2    1   -0.000036
   2    4    3    1   -2   -0.000036
   2    4    3    1    1   -0.000036
   2    1   -2   -3   -1    0.000360
   2    1   -2   -3    1    0.000360
   2    1   -2    2   -1    0.000360
   2    1   -2    2    1    0.000360
   2    1    3   -3   -1    0.000360
   2    1    3   -3    1    0.000360
   2    1    3    2   -1    0.000360
   2    1    3    2    1    0.000360
   2    1   -3   -1   -1   -0.000052
   2    1   -3   -1    1   -0.000052
   2    1   -3    0   -1   -0.000052
   2    1   -3    0    1   -0.000052
   2    1    0   -4   -1   -0.000052
   2    1    0   -4    1   -0.000052
   2    1    0    3   -1   -0.000052
   2    1    0    3    1   -0.000052
   2    1    1   -4   -1   -0.000052
   2    1    1   -4    1   -0.000052
   2    1    1    3   -1   -0.000052
   2    1    1    3    1   -0.000052
   2    1    4   -1   -1   -0.000052
   2    1    4   -1    1   -0.000052
   2    1    4    0   -1   -0.000052
   2    1    4    0    1   -0.000052
   2    3   -3   -1   -1   -0.000058
   2    3   -3   -1    0   -0.000058
   2    3   -3    1   -1   -0.000058
   2    3   -3    1    0   -0.000058
   2    3    4   -1   -1   -0.000058
   2    3    4   -1    0   -0.000058
   2    3    4    1   -1   -0.000058
   2    3    4    1    0   -0.000058
   2    4   -1   -4   -1   -0.000058
   2    4   -1   -4    0   -0.000058
   2    4   -1    3   -1   -0.000058
   2    4   -1    3    0   -0.000058
   2    4    1   -4   -1   -0.000058
   2    4    1   -4    0   -0.000058
   2    4    1    3   -1   -0.000058
   2    4    1    3    0   -0.000058
   2    2   -2   -1   -3   -0.000079
   2    2   -2   -1    3   -0.000079
   2    2   -2    1   -3   -0.000079
   2    2   -2    1    3   -0.000079
   2    2   -1   -2   -3   -0.000079
   2    2   -1   -2    3   -0.000079
   2    2   -1    2   -3   -0.000079
   2    2   -1    2    3   -0.000079
   2    2    1   -2   -3   -0.000079
   2    2    1   -2    3   -0.000079
   2    2    1    2   -3   -0.000079
   2    2    1    2    3   -0.000079
   2    2    2   -1   -3   -0.000079
   2    2    2   -1    3   -0.000079
   2    2    2    1   -3   -0.000079
   2    2    2    1    3   -0.000079
   2    2   -3   -1   -2   -0.000047
   2    2   -3    1   -2   -0.000047
   2    2   -3   -1    2   -0.000047
   2    2   -3    1    2   -0.000047
   2    2   -1   -3   -2   -0.000047
   2    2   -1    3   -2   -0.000047
   2    2    1   -3   -2   -0.000047
   2    2    1    3   -2   -0.000047
   2    2   -1   -3    2   -0.000047
   2    2   -1    3    2   -0.000047
   2    2    1   -3    2   -0.000047
   2    2    1    3    2   -0.000047
   2    2    3   -1   -2   -0.000047
   2    2    3    1   -2   -0.000047
   2    2    3   -1    2   -0.000047
   2    2    3    1    2   -0.000047
   2    2   -3   -2   -1   -0.000086
   2    2   -3   -2    1   -0.000086
   2    2   -3    2   -1   -0.000086
   2    2   -3    2    1   -0.000086
   2    2   -2   -3   -1   -0.000086
   2    2   -2   -3    1   -0.000086
   2    2   -2    3   -1   -0.000086
   2    2   -2    3    1   -0.000086
   2    2    2   -3   -1   -0.000086
   2    2    2   -3    1   -0.000086
   2    2    2    3   -1   -0.000086
   2    2    2    3    1   -0.000086
   2    2    3   -2   -1   -0.000086
   2    2    3   -2    1   -0.000086
   2    2    3    2   -1   -0.000086
   2    2    3    2    1   -0.000086
   2    3   -1    0   -4    0.000124
   2    3   -1    0    3    0.000124
   2    3    2    0   -4    0.000124
   2    3    2    0    3    0.000124
   2    4    0   -2   -4    0.000124
   2    4    0   -2    3    0.000124
   2    4    0    1   -4    0.000124
   2    4    0    1    3    0.000124
   2    3   -3    0   -2    0.000183
   2    3   -3    0    1    0.000183
   2    3    4    0   -2    0.000183
   2    3    4    0    1    0.000183
   2    4    0   -4   -2    0.000183
   2    4    0   -4    1    0.000183
   2    4    0    3   -2    0.000183
   2    4    0    3    1    0.000183
   2    1   -3   -2    0    0.000190
   2    1   -3    1    0    0.000190
   2    1   -1   -4    0    0.000190
   2    1   -1    3    0    0.000190
   2    1    2   -4    0    0.000190
   2    1    2    3    0    0.000190
   2    1    4   -2    0    0.000190
   2    1    4    1    0    0.000190
   2    3   -1   -1   -4   -0.000070
   2    3   -1   -1    3   -0.000070
   2    3   -1    1   -4   -0.000070
   2    3   -1    1    3   -0.000070
   2    3    2   -1   -4   -0.000070
   2    3    2   -1    3   -0.000070
   2    3    2    1   -4   -0.000070
   2    3    2    1    3   -0.000070
   2    4   -1   -2   -4   -0.000070
   2    4   -1   -2    3   -0.000070
   2    4   -1    1   -4   -0.000070
   2    4   -1    1    3   -0.000070
   2    4    1   -2   -4   -0.000070
   2    4    1   -2    3   -0.000070
   2    4    1    1   -4   -0.000070
   2    4    1    1    3   -0.000070
   2    1   -2   -1   -3   -0.000103
   2    1   -2   -1    3   -0.000103
   2    1   -2    0   -3   -0.000103
   2    1   -2    0    3   -0.000103
   2    1    0   -3   -3   -0.000103
   2    1    0   -3    3   -0.000103
   2    1    0    2   -3   -0.000103
   2    1    0    2    3   -0.000103
   2    1    1   -3   -3   -0.000103
   2    1    1   -3    3   -0.000103
   2    1    1    2   -3   -0.000103
   2    1    1    2    3   -0.000103
   2    1    3   -1   -3   -0.000103
   2    1    3   -1    3   -0.000103
   2    1    3    0   -3   -0.000103
   2    1    3    0    3   -0.000103
   2    4   -3   -1   -3   -0.000123
   2    4   -3   -1    2   -0.000123
   2    4   -3    0   -3   -0.000123
   2    4   -3    0    2   -0.000123
   2    3    0   -3   -3   -0.000123
   2    3    0   -3    2   -0.000123
   2    3    0    3   -3   -0.000123
   2    3    0    3    2   -0.000123
   2    3    1   -3   -3   -0.000123
   2    3    1   -3    2   -0.000123
   2    3    1    3   -3   -0.000123
   2    3    1    3    2   -0.000123
   2    4    3   -1   -3   -0.000123
   2    4    3   -1    2   -0.000123
   2    4    3    0   -3   -0.000123
   2    4    3    0    2   -0.000123
   2    3   -3   -1   -2    0.000019
   2    3   -3   -1    1    0.000019
   2    3   -3    1   -2    0.000019
   2    3   -3    1    1    0.000019
   2    3    4   -1   -2    0.000019
   2    3    4   -1    1    0.000019
   2    3    4    1   -2    0.000019
   2    3    4    1    1    0.000019
   2    4   -1   -4   -2    0.000019
   2    4   -1   -4    1    0.000019
   2    4   -1    3   -2    0.000019
   2    4   -1    3    1    0.000019
   2    4    1   -4   -2    0.000019
   2    4    1   -4    1    0.000019
   2    4    1    3   -2    0.000019
   2    4    1    3    1    0.000019
   2    1   -3   -2   -1    0.000133
   2    1   -3   -2    1    0.000133
   2    1   -3    1   -1    0.000133
   2    1   -3    1    1    0.000133
   2    1   -1   -4   -1    0.000133
   2    1   -1   -4    1    0.000133
   2    1   -1    3   -1    0.000133
   2    1   -1    3    1    0.000133
   2    1    2   -4   -1    0.000133
   2    1    2   -4    1    0.000133
   2    1    2    3   -1    0.000133
   2    1    2    3    1    0.000133
   2    1    4   -2   -1    0.000133
   2    1    4   -2    1    0.000133
   2    1    4    1   -1    0.000133
   2    1    4    1    1    0.000133
   2    4   -3   -3   -1   -0.000229
   2    4   -3   -3    0   -0.000229
   2    4   -3    2   -1   -0.000229
   2    4   -3    2    0   -0.000229
   2    3   -2   -3   -1   -0.000229
   2    3   -2   -3    0   -0.000229
   2    3   -2    3   -1   -0.000229
   2    3   -2    3    0   -0.000229
   2    3    3   -3   -1   -0.000229
   2    3    3   -3    0   -0.000229
   2    3    3    3   -1   -0.000229
   2    3    3    3    0   -0.000229
   2    4    3   -3   -1   -0.000229
   2    4    3   -3    0   -0.000229
   2    4    3    2   -1   -0.000229
   2    4    3    2    0   -0.000229
   2    2    0    0   -4   -0.000016
   2    2    0    0    4   -0.000016
   2    1    0   -1   -4   -0.000026
   2    1    0   -1    4   -0.000026
   2    1    0    0   -4   -0.000026
   2    1    0    0    4   -0.000026
   2    1    1   -1   -4   -0.000026
   2    1    1   -1    4   -0.000026
   2    1    1    0   -4   -0.000026
   2    1    1    0    4   -0.000026
   2    2   -4    0    0    0.000106
   2    2    0   -4    0    0.000106
   2    2    0    4    0    0.000106
   2    2    4    0    0    0.000106
