   4    1    0    0    0    0.139561
   4    1    1    0    0    0.139561
   4    2    0    0    0    0.139561
   4    2    0    1    0    0.139561
   4    1    0    0    1    0.139561
   4    1    1    0    1    0.139561
   4    2    0    0    1    0.139561
   4    2    0    1    1    0.139561
   4    3    0    0    0    0.783378
   4    3    0    1    0    0.783378
   4    3    1    0    0    0.783378
   4    3    1    1    0    0.783378
   4    4    0    0   -1    0.111899
   4    4    0    0    1    0.111899
   4    4   -1    0    0    0.726862
   4    4    0   -1    0    0.726862
   4    4    0    1    0    0.726862
   4    4    1    0    0    0.726862
   4    3    0    0   -1    0.256822
   4    3    0    0    1    0.256822
   4    3    0    1   -1    0.256822
   4    3    0    1    1    0.256822
   4    3    1    0   -1    0.256822
   4    3    1    0    1    0.256822
   4    3    1    1   -1    0.256822
   4    3    1    1    1    0.256822
   4    1    0   -1    0    0.015748
   4    1    0    1    0    0.015748
   4    1    1   -1    0    0.015748
   4    1    1    1    0    0.015748
   4    2   -1    0    0    0.015748
   4    2   -1    0    1    0.015748
   4    2   -1    1    0    0.015748
   4    2   -1    1    1    0.015748
   4    2    1    0    0    0.015748
   4    2    1    0    1    0.015748
   4    2    1    1    0    0.015748
   4    2    1    1    1    0.015748
   4    1    0   -1    1    0.015748
   4    1    0    1    1    0.015748
   4    1    1   -1    1    0.015748
   4    1    1    1    1    0.015748
   4    4   -1    0   -1   -0.407533
   4    4   -1    0    1   -0.407533
   4    4    0   -1   -1   -0.407533
   4    4    0   -1    1   -0.407533
   4    4    0    1   -1   -0.407533
   4    4    0    1    1   -0.407533
   4    4    1    0   -1   -0.407533
   4    4    1    0    1   -0.407533
   4    4   -1   -1    0   -0.085257
   4    4   -1    1    0   -0.085257
   4    4    1   -1    0   -0.085257
   4    4    1    1    0   -0.085257
   4    1    0    0   -1    0.002255
   4    1    1    0   -1    0.002255
   4    2    0    0   -1    0.002255
   4    2    0    1   -1    0.002255
   4    1    0    0    2    0.002255
   4    1    1    0    2    0.002255
   4    2    0    0    2    0.002255
   4    2    0    1    2    0.002255
   4    1   -1    0    0    0.003361
   4    1    2    0    0    0.003361
   4    2    0   -1    0    0.003361
   4    2    0    2    0    0.003361
   4    1   -1    0    1    0.003361
   4    1    2    0    1    0.003361
   4    2    0   -1    1    0.003361
   4    2    0    2    1    0.003361
   4    3   -1    0    0   -0.013599
   4    3   -1    1    0   -0.013599
   4    3    0   -1    0   -0.013599
   4    3    0    2    0   -0.013599
   4    3    1   -1    0   -0.013599
   4    3    1    2    0   -0.013599
   4    3    2    0    0   -0.013599
   4    3    2    1    0   -0.013599
   4    4   -1   -1   -1    0.029423
   4    4   -1   -1    1    0.029423
   4    4   -1    1   -1    0.029423
   4    4   -1    1    1    0.029423
   4    4    1   -1   -1    0.029423
   4    4    1   -1    1    0.029423
   4    4    1    1   -1    0.029423
   4    4    1    1    1    0.029423
   4    1    0   -1   -1   -0.000958
   4    1    0    1   -1   -0.000958
   4    1    1   -1   -1   -0.000958
   4    1    1    1   -1   -0.000958
   4    2   -1    0   -1   -0.000958
   4    2   -1    0    2   -0.000958
   4    2   -1    1   -1   -0.000958
   4    2   -1    1    2   -0.000958
   4    2    1    0   -1   -0.000958
   4    2    1    0    2   -0.000958
   4    2    1    1   -1   -0.000958
   4    2    1    1    2   -0.000958
   4    1    0   -1    2   -0.000958
   4    1    0    1    2   -0.000958
   4    1    1   -1    2   -0.000958
   4    1    1    1    2   -0.000958
   4    3   -1    0   -1   -0.010074
   4    3   -1    0    1   -0.010074
   4    3   -1    1   -1   -0.010074
   4    3   -1    1    1   -0.010074
   4    3    2    0   -1   -0.010074
   4    3    2    0    1   -0.010074
   4    3    2    1   -1   -0.010074
   4    3    2    1    1   -0.010074
   4    3    0   -1   -1   -0.010074
   4    3    0   -1    1   -0.010074
   4    3    0    2   -1   -0.010074
   4    3    0    2    1   -0.010074
   4    3    1   -1   -1   -0.010074
   4    3    1   -1    1   -0.010074
   4    3    1    2   -1   -0.010074
   4    3    1    2    1   -0.010074
   4    1   -1   -1    0   -0.002143
   4    1   -1    1    0   -0.002143
   4    1    2   -1    0   -0.002143
   4    1    2    1    0   -0.002143
   4    2   -1   -1    0   -0.002143
   4    2   -1    2    0   -0.002143
   4    2    1   -1    0   -0.002143
   4    2    1    2    0   -0.002143
   4    1   -1   -1    1   -0.002143
   4    1   -1    1    1   -0.002143
   4    1    2   -1    1   -0.002143
   4    1    2    1    1   -0.002143
   4    2   -1   -1    1   -0.002143
   4    2   -1    2    1   -0.002143
   4    2    1   -1    1   -0.002143
   4    2    1    2    1   -0.002143
   4    4    0    0   -2    0.047798
   4    4    0    0    2    0.047798
   4    4    0    2    0    0.078643
   4    4    2    0    0    0.078643
   4    4   -2    0    0    0.078643
   4    4    0   -2    0    0.078643
   4    3    0    0   -2    0.054420
   4    3    0    0    2    0.054420
   4    3    0    1   -2    0.054420
   4    3    0    1    2    0.054420
   4    3    1    0   -2    0.054420
   4    3    1    0    2    0.054420
   4    3    1    1   -2    0.054420
   4    3    1    1    2    0.054420
   4    1   -1    0   -1   -0.001729
   4    1    2    0   -1   -0.001729
   4    2    0   -1   -1   -0.001729
   4    2    0    2   -1   -0.001729
   4    1   -1    0    2   -0.001729
   4    1    2    0    2   -0.001729
   4    2    0   -1    2   -0.001729
   4    2    0    2    2   -0.001729
   4    2    2    0    0    0.000134
   4    2    2    1    0    0.000134
   4    1    0    2    0    0.000134
   4    1    0    2    1    0.000134
   4    1    1    2    0    0.000134
   4    1    1    2    1    0.000134
   4    2   -2    0    0    0.000134
   4    2   -2    1    0    0.000134
   4    2    2    0    1    0.000134
   4    2    2    1    1    0.000134
   4    1    0   -2    0    0.000134
   4    1    0   -2    1    0.000134
   4    1    1   -2    0    0.000134
   4    1    1   -2    1    0.000134
   4    2   -2    0    1    0.000134
   4    2   -2    1    1    0.000134
   4    3   -1   -1    0    0.194967
   4    3   -1    2    0    0.194967
   4    3    2   -1    0    0.194967
   4    3    2    2    0    0.194967
   4    4   -1    0   -2   -0.027288
   4    4   -1    0    2   -0.027288
   4    4    0   -1   -2   -0.027288
   4    4    0   -1    2   -0.027288
   4    4    0    1   -2   -0.027288
   4    4    0    1    2   -0.027288
   4    4    1    0   -2   -0.027288
   4    4    1    0    2   -0.027288
   4    4   -2    0   -1   -0.016161
   4    4   -2    0    1   -0.016161
   4    4    0   -2   -1   -0.016161
   4    4    0   -2    1   -0.016161
   4    4    0    2   -1   -0.016161
   4    4    0    2    1   -0.016161
   4    4    2    0   -1   -0.016161
   4    4    2    0    1   -0.016161
   4    4   -2   -1    0   -0.054810
   4    4   -2    1    0   -0.054810
   4    4   -1    2    0   -0.054810
   4    4    1    2    0   -0.054810
   4    4    2   -1    0   -0.054810
   4    4    2    1    0   -0.054810
   4    4   -1   -2    0   -0.054810
   4    4    1   -2    0   -0.054810
   4    1   -1   -1   -1    0.000355
   4    1   -1   -1    2    0.000355
   4    1   -1    1   -1    0.000355
   4    1   -1    1    2    0.000355
   4    1    2   -1   -1    0.000355
   4    1    2   -1    2    0.000355
   4    1    2    1   -1    0.000355
   4    1    2    1    2    0.000355
   4    2   -1   -1   -1    0.000355
   4    2   -1   -1    2    0.000355
   4    2   -1    2   -1    0.000355
   4    2   -1    2    2    0.000355
   4    2    1   -1   -1    0.000355
   4    2    1   -1    2    0.000355
   4    2    1    2   -1    0.000355
   4    2    1    2    2    0.000355
   4    3   -1   -1   -1   -0.010500
   4    3   -1   -1    1   -0.010500
   4    3   -1    2   -1   -0.010500
   4    3   -1    2    1   -0.010500
   4    3    2   -1   -1   -0.010500
   4    3    2   -1    1   -0.010500
   4    3    2    2   -1   -0.010500
   4    3    2    2    1   -0.010500
   4    4   -1   -1   -2    0.002128
   4    4   -1   -1    2    0.002128
   4    4   -1    1   -2    0.002128
   4    4   -1    1    2    0.002128
   4    4    1   -1   -2    0.002128
   4    4    1   -1    2    0.002128
   4    4    1    1   -2    0.002128
   4    4    1    1    2    0.002128
   4    4   -2   -1   -1    0.025075
   4    4   -2   -1    1    0.025075
   4    4   -2    1   -1    0.025075
   4    4   -2    1    1    0.025075
   4    4   -1   -2   -1    0.025075
   4    4   -1   -2    1    0.025075
   4    4   -1    2   -1    0.025075
   4    4   -1    2    1    0.025075
   4    4    1   -2   -1    0.025075
   4    4    1   -2    1    0.025075
   4    4    1    2   -1    0.025075
   4    4    1    2    1    0.025075
   4    4    2   -1   -1    0.025075
   4    4    2   -1    1    0.025075
   4    4    2    1   -1    0.025075
   4    4    2    1    1    0.025075
   4    1    0    0   -2   -0.000892
   4    1    0    0    3   -0.000892
   4    1    1    0   -2   -0.000892
   4    1    1    0    3   -0.000892
   4    2    0    0   -2   -0.000892
   4    2    0    0    3   -0.000892
   4    2    0    1   -2   -0.000892
   4    2    0    1    3   -0.000892
   4    3   -1    0   -2    0.006798
   4    3   -1    0    2    0.006798
   4    3   -1    1   -2    0.006798
   4    3   -1    1    2    0.006798
   4    3    0   -1   -2    0.006798
   4    3    0   -1    2    0.006798
   4    3    0    2   -2    0.006798
   4    3    0    2    2    0.006798
   4    3    1   -1   -2    0.006798
   4    3    1   -1    2    0.006798
   4    3    1    2   -2    0.006798
   4    3    1    2    2    0.006798
   4    3    2    0   -2    0.006798
   4    3    2    0    2    0.006798
   4    3    2    1   -2    0.006798
   4    3    2    1    2    0.006798
   4    1    0   -2   -1   -0.000007
   4    1    0    2   -1   -0.000007
   4    1    0    2    2   -0.000007
   4    1    1   -2   -1   -0.000007
   4    1    1    2   -1   -0.000007
   4    1    1    2    2   -0.000007
   4    2   -2    0   -1   -0.000007
   4    2   -2    0    2   -0.000007
   4    2   -2    1   -1   -0.000007
   4    2   -2    1    2   -0.000007
   4    2    2    0   -1   -0.000007
   4    2    2    0    2   -0.000007
   4    2    2    1   -1   -0.000007
   4    2    2    1    2   -0.000007
   4    1    0   -2    2   -0.000007
   4    1    1   -2    2   -0.000007
   4    1   -2    0    0   -0.000372
   4    1   -2    0    1   -0.000372
   4    1   -1    2    0   -0.000402
   4    1   -1    2    1   -0.000402
   4    1    2    2    0   -0.000402
   4    1    2    2    1   -0.000402
   4    1    3    0    0   -0.000372
   4    1    3    0    1   -0.000372
   4    2    0   -2    0   -0.000372
   4    2    0   -2    1   -0.000372
   4    2    0    3    0   -0.000372
   4    2    0    3    1   -0.000372
   4    2    2   -1    0   -0.000402
   4    2    2   -1    1   -0.000402
   4    2    2    2    0   -0.000402
   4    2    2    2    1   -0.000402
   4    1   -1   -2    0   -0.000402
   4    1   -1   -2    1   -0.000402
   4    1    2   -2    0   -0.000402
   4    1    2   -2    1   -0.000402
   4    2   -2   -1    0   -0.000402
   4    2   -2   -1    1   -0.000402
   4    2   -2    2    0   -0.000402
   4    2   -2    2    1   -0.000402
   4    3   -2    0    0   -0.018720
   4    3   -2    1    0   -0.018720
   4    3    0   -2    0   -0.018720
   4    3    0    3    0   -0.018720
   4    3    1   -2    0   -0.018720
   4    3    1    3    0   -0.018720
   4    3    3    0    0   -0.018720
   4    3    3    1    0   -0.018720
   4    1    0   -1   -2    0.000059
   4    1    0   -1    3    0.000059
   4    1    0    1   -2    0.000059
   4    1    0    1    3    0.000059
   4    1    1   -1   -2    0.000059
   4    1    1   -1    3    0.000059
   4    1    1    1   -2    0.000059
   4    1    1    1    3    0.000059
   4    2   -1    0   -2    0.000059
   4    2   -1    0    3    0.000059
   4    2   -1    1   -2    0.000059
   4    2   -1    1    3    0.000059
   4    2    1    0   -2    0.000059
   4    2    1    0    3    0.000059
   4    2    1    1   -2    0.000059
   4    2    1    1    3    0.000059
   4    3   -2    0   -1    0.007787
   4    3   -2    0    1    0.007787
   4    3   -2    1   -1    0.007787
   4    3   -2    1    1    0.007787
   4    3    0   -2   -1    0.007787
   4    3    0   -2    1    0.007787
   4    3    0    3   -1    0.007787
   4    3    0    3    1    0.007787
   4    3    1   -2   -1    0.007787
   4    3    1   -2    1    0.007787
   4    3    1    3   -1    0.007787
   4    3    1    3    1    0.007787
   4    3    3    0   -1    0.007787
   4    3    3    0    1    0.007787
   4    3    3    1   -1    0.007787
   4    3    3    1    1    0.007787
   4    1   -2   -1    0   -0.000246
   4    1   -2   -1    1   -0.000246
   4    1   -2    1    0   -0.000246
   4    1   -2    1    1   -0.000246
   4    1    3   -1    0   -0.000246
   4    1    3   -1    1   -0.000246
   4    1    3    1    0   -0.000246
   4    1    3    1    1   -0.000246
   4    2   -1   -2    0   -0.000246
   4    2   -1   -2    1   -0.000246
   4    2   -1    3    0   -0.000246
   4    2   -1    3    1   -0.000246
   4    2    1   -2    0   -0.000246
   4    2    1   -2    1   -0.000246
   4    2    1    3    0   -0.000246
   4    2    1    3    1   -0.000246
   4    4    0    2   -2    0.004629
   4    4    0    2    2    0.004629
   4    4    2    0   -2    0.004629
   4    4    2    0    2    0.004629
   4    4   -2    0   -2    0.004629
   4    4   -2    0    2    0.004629
   4    4    0   -2   -2    0.004629
   4    4    0   -2    2    0.004629
   4    4    2    2    0   -0.088050
   4    4   -2   -2    0   -0.088050
   4    4   -2    2    0   -0.088050
   4    4    2   -2    0   -0.088050
   4    1   -1    0   -2   -0.000495
   4    1   -1    0    3   -0.000495
   4    1    2    0   -2   -0.000495
   4    1    2    0    3   -0.000495
   4    2    0   -1   -2   -0.000495
   4    2    0   -1    3   -0.000495
   4    2    0    2   -2   -0.000495
   4    2    0    2    3   -0.000495
   4    3   -1   -1   -2   -0.001877
   4    3   -1   -1    2   -0.001877
   4    3   -1    2   -2   -0.001877
   4    3   -1    2    2   -0.001877
   4    3    2   -1   -2   -0.001877
   4    3    2   -1    2   -0.001877
   4    3    2    2   -2   -0.001877
   4    3    2    2    2   -0.001877
   4    1   -2    0   -1    0.000048
   4    1   -2    0    2    0.000048
   4    1   -1    2   -1   -0.000023
   4    1   -1    2    2   -0.000023
   4    1    2    2   -1   -0.000023
   4    1    2    2    2   -0.000023
   4    1    3    0   -1    0.000048
   4    1    3    0    2    0.000048
   4    2    0   -2   -1    0.000048
   4    2    0   -2    2    0.000048
   4    2    0    3   -1    0.000048
   4    2    0    3    2    0.000048
   4    2    2   -1   -1   -0.000023
   4    2    2   -1    2   -0.000023
   4    2    2    2   -1   -0.000023
   4    2    2    2    2   -0.000023
   4    1   -1   -2   -1   -0.000023
   4    1   -1   -2    2   -0.000023
   4    1    2   -2   -1   -0.000023
   4    1    2   -2    2   -0.000023
   4    2   -2   -1   -1   -0.000023
   4    2   -2   -1    2   -0.000023
   4    2   -2    2   -1   -0.000023
   4    2   -2    2    2   -0.000023
   4    3   -2   -1    0    0.043453
   4    3   -2    2    0    0.043453
   4    3   -1   -2    0    0.043453
   4    3   -1    3    0    0.043453
   4    3    2   -2    0    0.043453
   4    3    2    3    0    0.043453
   4    3    3   -1    0    0.043453
   4    3    3    2    0    0.043453
   4    4    0    0   -3   -0.002445
   4    4    0    0    3   -0.002445
   4    4   -2   -1   -2   -0.006513
   4    4   -2   -1    2   -0.006513
   4    4   -2    1   -2   -0.006513
   4    4   -2    1    2   -0.006513
   4    4   -1    2   -2   -0.006513
   4    4   -1    2    2   -0.006513
   4    4    1    2   -2   -0.006513
   4    4    1    2    2   -0.006513
   4    4    2   -1   -2   -0.006513
   4    4    2   -1    2   -0.006513
   4    4    2    1   -2   -0.006513
   4    4    2    1    2   -0.006513
   4    4   -1   -2   -2   -0.006513
   4    4   -1   -2    2   -0.006513
   4    4    1   -2   -2   -0.006513
   4    4    1   -2    2   -0.006513
   4    4    2    2   -1    0.010163
   4    4    2    2    1    0.010163
   4    4   -2   -2   -1    0.010163
   4    4   -2   -2    1    0.010163
   4    4   -2    2   -1    0.010163
   4    4   -2    2    1    0.010163
   4    4    2   -2   -1    0.010163
   4    4    2   -2    1    0.010163
   4    4   -3    0    0    0.017451
   4    4    0   -3    0    0.017451
   4    4    0    3    0    0.017451
   4    4    3    0    0    0.017451
   4    3    0    0   -3   -0.001745
   4    3    0    0    3   -0.001745
   4    3    0    1   -3   -0.001745
   4    3    0    1    3   -0.001745
   4    3    1    0   -3   -0.001745
   4    3    1    0    3   -0.001745
   4    3    1    1   -3   -0.001745
   4    3    1    1    3   -0.001745
   4    1   -1   -1   -2    0.000158
   4    1   -1   -1    3    0.000158
   4    1   -1    1   -2    0.000158
   4    1   -1    1    3    0.000158
   4    1    2   -1   -2    0.000158
   4    1    2   -1    3    0.000158
   4    1    2    1   -2    0.000158
   4    1    2    1    3    0.000158
   4    2   -1   -1   -2    0.000158
   4    2   -1   -1    3    0.000158
   4    2   -1    2   -2    0.000158
   4    2   -1    2    3    0.000158
   4    2    1   -1   -2    0.000158
   4    2    1   -1    3    0.000158
   4    2    1    2   -2    0.000158
   4    2    1    2    3    0.000158
   4    1   -2   -1   -1    0.000028
   4    1   -2   -1    2    0.000028
   4    1   -2    1   -1    0.000028
   4    1   -2    1    2    0.000028
   4    1    3   -1   -1    0.000028
   4    1    3   -1    2    0.000028
   4    1    3    1   -1    0.000028
   4    1    3    1    2    0.000028
   4    2   -1   -2   -1    0.000028
   4    2   -1   -2    2    0.000028
   4    2   -1    3   -1    0.000028
   4    2   -1    3    2    0.000028
   4    2    1   -2   -1    0.000028
   4    2    1   -2    2    0.000028
   4    2    1    3   -1    0.000028
   4    2    1    3    2    0.000028
   4    3   -2   -1   -1   -0.005759
   4    3   -2   -1    1   -0.005759
   4    3   -2    2   -1   -0.005759
   4    3   -2    2    1   -0.005759
   4    3   -1   -2   -1   -0.005759
   4    3   -1   -2    1   -0.005759
   4    3   -1    3   -1   -0.005759
   4    3   -1    3    1   -0.005759
   4    3    2   -2   -1   -0.005759
   4    3    2   -2    1   -0.005759
   4    3    2    3   -1   -0.005759
   4    3    2    3    1   -0.005759
   4    3    3   -1   -1   -0.005759
   4    3    3   -1    1   -0.005759
   4    3    3    2   -1   -0.005759
   4    3    3    2    1   -0.005759
   4    1    0   -3    0    0.000183
   4    1    0   -3    1    0.000183
   4    1    1   -3    0    0.000183
   4    1    1   -3    1    0.000183
   4    2   -3    0    0    0.000183
   4    2   -3    0    1    0.000183
   4    2   -3    1    0    0.000183
   4    2   -3    1    1    0.000183
   4    1    0    3    0    0.000183
   4    1    0    3    1    0.000183
   4    1    1    3    0    0.000183
   4    1    1    3    1    0.000183
   4    2    3    0    0    0.000183
   4    2    3    0    1    0.000183
   4    2    3    1    0    0.000183
   4    2    3    1    1    0.000183
   4    4   -1    0   -3    0.002648
   4    4   -1    0    3    0.002648
   4    4    0   -1   -3    0.002648
   4    4    0   -1    3    0.002648
   4    4    0    1   -3    0.002648
   4    4    0    1    3    0.002648
   4    4    1    0   -3    0.002648
   4    4    1    0    3    0.002648
   4    4   -3    0   -1   -0.010377
   4    4   -3    0    1   -0.010377
   4    4    0   -3   -1   -0.010377
   4    4    0   -3    1   -0.010377
   4    4    0    3   -1   -0.010377
   4    4    0    3    1   -0.010377
   4    4    3    0   -1   -0.010377
   4    4    3    0    1   -0.010377
   4    4   -3   -1    0   -0.011600
   4    4   -3    1    0   -0.011600
   4    4   -1   -3    0   -0.011600
   4    4    1   -3    0   -0.011600
   4    4   -1    3    0   -0.011600
   4    4    1    3    0   -0.011600
   4    4    3   -1    0   -0.011600
   4    4    3    1    0   -0.011600
   4    1    0    2   -2    0.000305
   4    1    0    2    3    0.000305
   4    1    1    2   -2    0.000305
   4    1    1    2    3    0.000305
   4    2    2    0   -2    0.000305
   4    2    2    0    3    0.000305
   4    2    2    1   -2    0.000305
   4    2    2    1    3    0.000305
   4    1    0   -2   -2    0.000305
   4    1    0   -2    3    0.000305
   4    1    1   -2   -2    0.000305
   4    1    1   -2    3    0.000305
   4    2   -2    0   -2    0.000305
   4    2   -2    0    3    0.000305
   4    2   -2    1   -2    0.000305
   4    2   -2    1    3    0.000305
   4    3   -2    0   -2    0.003952
   4    3   -2    0    2    0.003952
   4    3   -2    1   -2    0.003952
   4    3   -2    1    2    0.003952
   4    3    0   -2   -2    0.003952
   4    3    0   -2    2    0.003952
   4    3    0    3   -2    0.003952
   4    3    0    3    2    0.003952
   4    3    1   -2   -2    0.003952
   4    3    1   -2    2    0.003952
   4    3    1    3   -2    0.003952
   4    3    1    3    2    0.003952
   4    3    3    0   -2    0.003952
   4    3    3    0    2    0.003952
   4    3    3    1   -2    0.003952
   4    3    3    1    2    0.003952
   4    1   -2    2    0    0.000130
   4    1   -2    2    1    0.000130
   4    1    3    2    0    0.000130
   4    1    3    2    1    0.000130
   4    2    2   -2    0    0.000130
   4    2    2   -2    1    0.000130
   4    2    2    3    0    0.000130
   4    2    2    3    1    0.000130
   4    1   -2   -2    0    0.000130
   4    1   -2   -2    1    0.000130
   4    1    3   -2    0    0.000130
   4    1    3   -2    1    0.000130
   4    2   -2   -2    0    0.000130
   4    2   -2   -2    1    0.000130
   4    2   -2    3    0    0.000130
   4    2   -2    3    1    0.000130
   4    4   -1   -1   -3   -0.001777
   4    4   -1   -1    3   -0.001777
   4    4   -1    1   -3   -0.001777
   4    4   -1    1    3   -0.001777
   4    4    1   -1   -3   -0.001777
   4    4    1   -1    3   -0.001777
   4    4    1    1   -3   -0.001777
   4    4    1    1    3   -0.001777
   4    4   -3   -1   -1   -0.006752
   4    4   -3   -1    1   -0.006752
   4    4   -3    1   -1   -0.006752
   4    4   -3    1    1   -0.006752
   4    4   -1   -3   -1   -0.006752
   4    4   -1   -3    1   -0.006752
   4    4    1   -3   -1   -0.006752
   4    4    1   -3    1   -0.006752
   4    4   -1    3   -1   -0.006752
   4    4   -1    3    1   -0.006752
   4    4    1    3   -1   -0.006752
   4    4    1    3    1   -0.006752
   4    4    3   -1   -1   -0.006752
   4    4    3   -1    1   -0.006752
   4    4    3    1   -1   -0.006752
   4    4    3    1    1   -0.006752
   4    3   -1    0   -3   -0.005289
   4    3   -1    0    3   -0.005289
   4    3   -1    1   -3   -0.005289
   4    3   -1    1    3   -0.005289
   4    3    0   -1   -3   -0.005289
   4    3    0   -1    3   -0.005289
   4    3    0    2   -3   -0.005289
   4    3    0    2    3   -0.005289
   4    3    1   -1   -3   -0.005289
   4    3    1   -1    3   -0.005289
   4    3    1    2   -3   -0.005289
   4    3    1    2    3   -0.005289
   4    3    2    0   -3   -0.005289
   4    3    2    0    3   -0.005289
   4    3    2    1   -3   -0.005289
   4    3    2    1    3   -0.005289
   4    1    0   -3   -1   -0.000286
   4    1    0   -3    2   -0.000286
   4    1    1   -3   -1   -0.000286
   4    1    1   -3    2   -0.000286
   4    2   -3    0   -1   -0.000286
   4    2   -3    0    2   -0.000286
   4    2   -3    1   -1   -0.000286
   4    2   -3    1    2   -0.000286
   4    1    0    3   -1   -0.000286
   4    1    0    3    2   -0.000286
   4    1    1    3   -1   -0.000286
   4    1    1    3    2   -0.000286
   4    2    3    0   -1   -0.000286
   4    2    3    0    2   -0.000286
   4    2    3    1   -1   -0.000286
   4    2    3    1    2   -0.000286
   4    1   -1   -3    0    0.000041
   4    1   -1   -3    1    0.000041
   4    1    2   -3    0    0.000041
   4    1    2   -3    1    0.000041
   4    2   -3   -1    0    0.000041
   4    2   -3   -1    1    0.000041
   4    2   -3    2    0    0.000041
   4    2   -3    2    1    0.000041
   4    1   -1    3    0    0.000041
   4    1   -1    3    1    0.000041
   4    1    2    3    0    0.000041
   4    1    2    3    1    0.000041
   4    2    3   -1    0    0.000041
   4    2    3   -1    1    0.000041
   4    2    3    2    0    0.000041
   4    2    3    2    1    0.000041
   4    4   -2   -2   -2    0.001179
   4    4   -2   -2    2    0.001179
   4    4   -2    2   -2    0.001179
   4    4   -2    2    2    0.001179
   4    4    2   -2   -2    0.001179
   4    4    2   -2    2    0.001179
   4    4    2    2   -2    0.001179
   4    4    2    2    2    0.001179
   4    1    0    0   -3    0.000236
   4    1    0    0    4    0.000236
   4    1    1    0   -3    0.000236
   4    1    1    0    4    0.000236
   4    2    0    0   -3    0.000236
   4    2    0    0    4    0.000236
   4    2    0    1   -3    0.000236
   4    2    0    1    4    0.000236
   4    1   -2    0   -2    0.000122
   4    1   -2    0    3    0.000122
   4    1   -1    2   -2    0.000031
   4    1   -1    2    3    0.000031
   4    1    2    2   -2    0.000031
   4    1    2    2    3    0.000031
   4    1    3    0   -2    0.000122
   4    1    3    0    3    0.000122
   4    2    0   -2   -2    0.000122
   4    2    0   -2    3    0.000122
   4    2    0    3   -2    0.000122
   4    2    0    3    3    0.000122
   4    2    2   -1   -2    0.000031
   4    2    2   -1    3    0.000031
   4    2    2    2   -2    0.000031
   4    2    2    2    3    0.000031
   4    1   -1   -2   -2    0.000031
   4    1   -1   -2    3    0.000031
   4    1    2   -2   -2    0.000031
   4    1    2   -2    3    0.000031
   4    2   -2   -1   -2    0.000031
   4    2   -2   -1    3    0.000031
   4    2   -2    2   -2    0.000031
   4    2   -2    2    3    0.000031
   4    3   -2   -1   -2    0.001212
   4    3   -2   -1    2    0.001212
   4    3   -2    2   -2    0.001212
   4    3   -2    2    2    0.001212
   4    3   -1   -2   -2    0.001212
   4    3   -1   -2    2    0.001212
   4    3   -1    3   -2    0.001212
   4    3   -1    3    2    0.001212
   4    3    2   -2   -2    0.001212
   4    3    2   -2    2    0.001212
   4    3    2    3   -2    0.001212
   4    3    2    3    2    0.001212
   4    3    3   -1   -2    0.001212
   4    3    3   -1    2    0.001212
   4    3    3    2   -2    0.001212
   4    3    3    2    2    0.001212
   4    1   -2    2   -1    0.000073
   4    1   -2    2    2    0.000073
   4    1    3    2   -1    0.000073
   4    1    3    2    2    0.000073
   4    2    2   -2   -1    0.000073
   4    2    2   -2    2    0.000073
   4    2    2    3   -1    0.000073
   4    2    2    3    2    0.000073
   4    1   -2   -2   -1    0.000073
   4    1   -2   -2    2    0.000073
   4    1    3   -2   -1    0.000073
   4    1    3   -2    2    0.000073
   4    2   -2   -2   -1    0.000073
   4    2   -2   -2    2    0.000073
   4    2   -2    3   -1    0.000073
   4    2   -2    3    2    0.000073
   4    1   -3    0    0    0.000010
   4    1   -3    0    1    0.000010
   4    1    4    0    0    0.000010
   4    1    4    0    1    0.000010
   4    2    0   -3    0    0.000010
   4    2    0   -3    1    0.000010
   4    2    0    4    0    0.000010
   4    2    0    4    1    0.000010
   4    3   -2   -2    0    0.021700
   4    3   -2    3    0    0.021700
   4    3    3   -2    0    0.021700
   4    3    3    3    0    0.021700
   4    3   -3    0    0   -0.001514
   4    3   -3    1    0   -0.001514
   4    3    0   -3    0   -0.001514
   4    3    0    4    0   -0.001514
   4    3    1   -3    0   -0.001514
   4    3    1    4    0   -0.001514
   4    3    4    0    0   -0.001514
   4    3    4    1    0   -0.001514
   4    4   -2    0   -3    0.004035
   4    4   -2    0    3    0.004035
   4    4    0   -2   -3    0.004035
   4    4    0   -2    3    0.004035
   4    4    0    2   -3    0.004035
   4    4    0    2    3    0.004035
   4    4    2    0   -3    0.004035
   4    4    2    0    3    0.004035
   4    4   -3    0   -2   -0.002747
   4    4   -3    0    2   -0.002747
   4    4    0   -3   -2   -0.002747
   4    4    0   -3    2   -0.002747
   4    4    0    3   -2   -0.002747
   4    4    0    3    2   -0.002747
   4    4    3    0   -2   -0.002747
   4    4    3    0    2   -0.002747
   4    4   -3   -2    0   -0.017031
   4    4   -3    2    0   -0.017031
   4    4   -2   -3    0   -0.017031
   4    4    2   -3    0   -0.017031
   4    4    2    3    0   -0.017031
   4    4    3    2    0   -0.017031
   4    4   -2    3    0   -0.017031
   4    4    3   -2    0   -0.017031
   4    1    0   -1   -3    0.000149
   4    1    0   -1    4    0.000149
   4    1    0    1   -3    0.000149
   4    1    0    1    4    0.000149
   4    1    1   -1   -3    0.000149
   4    1    1   -1    4    0.000149
   4    1    1    1   -3    0.000149
   4    1    1    1    4    0.000149
   4    2   -1    0   -3    0.000149
   4    2   -1    0    4    0.000149
   4    2   -1    1   -3    0.000149
   4    2   -1    1    4    0.000149
   4    2    1    0   -3    0.000149
   4    2    1    0    4    0.000149
   4    2    1    1   -3    0.000149
   4    2    1    1    4    0.000149
   4    3   -1   -1   -3    0.003686
   4    3   -1   -1    3    0.003686
   4    3   -1    2   -3    0.003686
   4    3   -1    2    3    0.003686
   4    3    2   -1   -3    0.003686
   4    3    2   -1    3    0.003686
   4    3    2    2   -3    0.003686
   4    3    2    2    3    0.003686
   4    1   -2   -1   -2    0.000154
   4    1   -2   -1    3    0.000154
   4    1   -2    1   -2    0.000154
   4    1   -2    1    3    0.000154
   4    1    3   -1   -2    0.000154
   4    1    3   -1    3    0.000154
   4    1    3    1   -2    0.000154
   4    1    3    1    3    0.000154
   4    2   -1   -2   -2    0.000154
   4    2   -1   -2    3    0.000154
   4    2   -1    3   -2    0.000154
   4    2   -1    3    3    0.000154
   4    2    1   -2   -2    0.000154
   4    2    1   -2    3    0.000154
   4    2    1    3   -2    0.000154
   4    2    1    3    3    0.000154
   4    1   -1   -3   -1   -0.000036
   4    1   -1   -3    2   -0.000036
   4    1    2   -3   -1   -0.000036
   4    1    2   -3    2   -0.000036
   4    2   -3   -1   -1   -0.000036
   4    2   -3   -1    2   -0.000036
   4    2   -3    2   -1   -0.000036
   4    2   -3    2    2   -0.000036
   4    1   -1    3   -1   -0.000036
   4    1   -1    3    2   -0.000036
   4    1    2    3   -1   -0.000036
   4    1    2    3    2   -0.000036
   4    2    3   -1   -1   -0.000036
   4    2    3   -1    2   -0.000036
   4    2    3    2   -1   -0.000036
   4    2    3    2    2   -0.000036
   4    3   -2   -2   -1   -0.007044
   4    3   -2   -2    1   -0.007044
   4    3   -2    3   -1   -0.007044
   4    3   -2    3    1   -0.007044
   4    3    3   -2   -1   -0.007044
   4    3    3   -2    1   -0.007044
   4    3    3    3   -1   -0.007044
   4    3    3    3    1   -0.007044
   4    3   -3    0   -1    0.001053
   4    3   -3    0    1    0.001053
   4    3   -3    1   -1    0.001053
   4    3   -3    1    1    0.001053
   4    3    0   -3   -1    0.001053
   4    3    0   -3    1    0.001053
   4    3    0    4   -1    0.001053
   4    3    0    4    1    0.001053
   4    3    1   -3   -1    0.001053
   4    3    1   -3    1    0.001053
   4    3    1    4   -1    0.001053
   4    3    1    4    1    0.001053
   4    3    4    0   -1    0.001053
   4    3    4    0    1    0.001053
   4    3    4    1   -1    0.001053
   4    3    4    1    1    0.001053
   4    1   -3   -1    0   -0.000058
   4    1   -3   -1    1   -0.000058
   4    1   -3    1    0   -0.000058
   4    1   -3    1    1   -0.000058
   4    1    4   -1    0   -0.000058
   4    1    4   -1    1   -0.000058
   4    1    4    1    0   -0.000058
   4    1    4    1    1   -0.000058
   4    2   -1   -3    0   -0.000058
   4    2   -1   -3    1   -0.000058
   4    2   -1    4    0   -0.000058
   4    2   -1    4    1   -0.000058
   4    2    1   -3    0   -0.000058
   4    2    1   -3    1   -0.000058
   4    2    1    4    0   -0.000058
   4    2    1    4    1   -0.000058
   4    4   -2   -1   -3    0.000130
   4    4   -2   -1    3    0.000130
   4    4   -2    1   -3    0.000130
   4    4   -2    1    3    0.000130
   4    4   -1   -2   -3    0.000130
   4    4   -1   -2    3    0.000130
   4    4   -1    2   -3    0.000130
   4    4   -1    2    3    0.000130
   4    4    1   -2   -3    0.000130
   4    4    1   -2    3    0.000130
   4    4    1    2   -3    0.000130
   4    4    1    2    3    0.000130
   4    4    2   -1   -3    0.000130
   4    4    2   -1    3    0.000130
   4    4    2    1   -3    0.000130
   4    4    2    1    3    0.000130
   4    4   -3   -1   -2   -0.004531
   4    4   -3   -1    2   -0.004531
   4    4   -3    1   -2   -0.004531
   4    4   -3    1    2   -0.004531
   4    4   -1   -3   -2   -0.004531
   4    4   -1   -3    2   -0.004531
   4    4    1   -3   -2   -0.004531
   4    4    1   -3    2   -0.004531
   4    4   -1    3   -2   -0.004531
   4    4   -1    3    2   -0.004531
   4    4    1    3   -2   -0.004531
   4    4    1    3    2   -0.004531
   4    4    3   -1   -2   -0.004531
   4    4    3   -1    2   -0.004531
   4    4    3    1   -2   -0.004531
   4    4    3    1    2   -0.004531
   4    4   -3    2   -1   -0.001891
   4    4   -3    2    1   -0.001891
   4    4    2   -3   -1   -0.001891
   4    4    2   -3    1   -0.001891
   4    4   -3   -2   -1   -0.001891
   4    4   -3   -2    1   -0.001891
   4    4   -2   -3   -1   -0.001891
   4    4   -2   -3    1   -0.001891
   4    4    2    3   -1   -0.001891
   4    4    2    3    1   -0.001891
   4    4    3    2   -1   -0.001891
   4    4    3    2    1   -0.001891
   4    4   -2    3   -1   -0.001891
   4    4   -2    3    1   -0.001891
   4    4    3   -2   -1   -0.001891
   4    4    3   -2    1   -0.001891
   4    1   -1    0   -3    0.000124
   4    1   -1    0    4    0.000124
   4    1    2    0   -3    0.000124
   4    1    2    0    4    0.000124
   4    2    0   -1   -3    0.000124
   4    2    0   -1    4    0.000124
   4    2    0    2   -3    0.000124
   4    2    0    2    4    0.000124
   4    1   -3    0   -1    0.000183
   4    1   -3    0    2    0.000183
   4    1    4    0   -1    0.000183
   4    1    4    0    2    0.000183
   4    2    0   -3   -1    0.000183
   4    2    0   -3    2    0.000183
   4    2    0    4   -1    0.000183
   4    2    0    4    2    0.000183
   4    3   -3   -1    0    0.008166
   4    3   -3    2    0    0.008166
   4    3   -1   -3    0    0.008166
   4    3   -1    4    0    0.008166
   4    3    2   -3    0    0.008166
   4    3    2    4    0    0.008166
   4    3    4   -1    0    0.008166
   4    3    4    2    0    0.008166
   4    1   -1   -1   -3   -0.000070
   4    1   -1   -1    4   -0.000070
   4    1   -1    1   -3   -0.000070
   4    1   -1    1    4   -0.000070
   4    1    2   -1   -3   -0.000070
   4    1    2   -1    4   -0.000070
   4    1    2    1   -3   -0.000070
   4    1    2    1    4   -0.000070
   4    2   -1   -1   -3   -0.000070
   4    2   -1   -1    4   -0.000070
   4    2   -1    2   -3   -0.000070
   4    2   -1    2    4   -0.000070
   4    2    1   -1   -3   -0.000070
   4    2    1   -1    4   -0.000070
   4    2    1    2   -3   -0.000070
   4    2    1    2    4   -0.000070
   4    3   -2    0   -3   -0.003165
   4    3   -2    0    3   -0.003165
   4    3   -2    1   -3   -0.003165
   4    3   -2    1    3   -0.003165
   4    3    0   -2   -3   -0.003165
   4    3    0   -2    3   -0.003165
   4    3    0    3   -3   -0.003165
   4    3    0    3    3   -0.003165
   4    3    1   -2   -3   -0.003165
   4    3    1   -2    3   -0.003165
   4    3    1    3   -3   -0.003165
   4    3    1    3    3   -0.003165
   4    3    3    0   -3   -0.003165
   4    3    3    0    3   -0.003165
   4    3    3    1   -3   -0.003165
   4    3    3    1    3   -0.003165
   4    1    0   -3   -2   -0.000123
   4    1    0   -3    3   -0.000123
   4    1    1   -3   -2   -0.000123
   4    1    1   -3    3   -0.000123
   4    2   -3    0   -2   -0.000123
   4    2   -3    0    3   -0.000123
   4    2   -3    1   -2   -0.000123
   4    2   -3    1    3   -0.000123
   4    1    0    3   -2   -0.000123
   4    1    0    3    3   -0.000123
   4    1    1    3   -2   -0.000123
   4    1    1    3    3   -0.000123
   4    2    3    0   -2   -0.000123
   4    2    3    0    3   -0.000123
   4    2    3    1   -2   -0.000123
   4    2    3    1    3   -0.000123
   4    1   -3   -1   -1    0.000019
   4    1   -3   -1    2    0.000019
   4    1   -3    1   -1    0.000019
   4    1   -3    1    2    0.000019
   4    1    4   -1   -1    0.000019
   4    1    4   -1    2    0.000019
   4    1    4    1   -1    0.000019
   4    1    4    1    2    0.000019
   4    2   -1   -3   -1    0.000019
   4    2   -1   -3    2    0.000019
   4    2   -1    4   -1    0.000019
   4    2   -1    4    2    0.000019
   4    2    1   -3   -1    0.000019
   4    2    1   -3    2    0.000019
   4    2    1    4   -1    0.000019
   4    2    1    4    2    0.000019
   4    3   -3   -1   -1    0.003290
   4    3   -3   -1    1    0.003290
   4    3   -3    2   -1    0.003290
   4    3   -3    2    1    0.003290
   4    3   -1   -3   -1    0.003290
   4    3   -1   -3    1    0.003290
   4    3   -1    4   -1    0.003290
   4    3   -1    4    1    0.003290
   4    3    2   -3   -1    0.003290
   4    3    2   -3    1    0.003290
   4    3    2    4   -1    0.003290
   4    3    2    4    1    0.003290
   4    3    4   -1   -1    0.003290
   4    3    4   -1    1    0.003290
   4    3    4    2   -1    0.003290
   4    3    4    2    1    0.003290
   4    1   -2   -3    0   -0.000229
   4    1   -2   -3    1   -0.000229
   4    1    3   -3    0   -0.000229
   4    1    3   -3    1   -0.000229
   4    2   -3   -2    0   -0.000229
   4    2   -3   -2    1   -0.000229
   4    2   -3    3    0   -0.000229
   4    2   -3    3    1   -0.000229
   4    1   -2    3    0   -0.000229
   4    1   -2    3    1   -0.000229
   4    1    3    3    0   -0.000229
   4    1    3    3    1   -0.000229
   4    2    3   -2    0   -0.000229
   4    2    3   -2    1   -0.000229
   4    2    3    3    0   -0.000229
   4    2    3    3    1   -0.000229
   4    4    0    0   -4   -0.000944
   4    4    0    0    4   -0.000944
   4    3    0    0   -4   -0.001160
   4    3    0    0    4   -0.001160
   4    3    0    1   -4   -0.001160
   4    3    0    1    4   -0.001160
   4    3    1    0   -4   -0.001160
   4    3    1    0    4   -0.001160
   4    3    1    1   -4   -0.001160
   4    3    1    1    4   -0.001160
   4    4   -4    0    0    0.002807
   4    4    0   -4    0    0.002807
   4    4    0    4    0    0.002807
   4    4    4    0    0    0.002807
