   2    3    0    0    0    0.000000 -0.043550 -0.000000
   2    3    1    0    0   -0.000000  0.043550  0.000000
   2    4    0   -1    0    0.005090 -0.000000 -0.000000
   2    4    0    0    0   -0.005090  0.000000 -0.000000
   2    3    0    0   -1    0.000000  0.043550 -0.000000
   2    3    1    0   -1   -0.000000 -0.043550  0.000000
   2    4    0   -1   -1   -0.005090 -0.000000  0.000000
   2    4    0    0   -1    0.005090  0.000000  0.000000
   2    1    0   -1    0   -0.000000 -0.000000  0.113619
   2    1    0    0    0   -0.000000  0.000000 -0.113619
   2    1    1   -1    0   -0.000000  0.000000 -0.113619
   2    1    1    0    0   -0.000000 -0.000000  0.113619
   2    2    0    0   -1    0.000000  0.000000 -0.000000
   2    2    0    0    1    0.000000  0.000000 -0.000000
   2    2   -1    0    0    0.000000 -0.000000 -0.000000
   2    2    0   -1    0    0.000000  0.000000 -0.000000
   2    2    0    1    0    0.000000  0.000000 -0.000000
   2    2    1    0    0    0.000000 -0.000000 -0.000000
   2    1    0   -1   -1    0.003293 -0.003191  0.003254
   2    1    0   -1    1   -0.003293  0.003191  0.003254
   2    1    0    0   -1   -0.003293 -0.003191 -0.003254
   2    1    0    0    1    0.003293  0.003191 -0.003254
   2    1    1   -1   -1    0.003293  0.003191 -0.003254
   2    1    1   -1    1   -0.003293 -0.003191 -0.003254
   2    1    1    0   -1   -0.003293  0.003191  0.003254
   2    1    1    0    1    0.003293 -0.003191  0.003254
   2    3    0   -1    0   -0.000662 -0.003772  0.001659
   2    3    0    1    0    0.000662 -0.003772 -0.001659
   2    3    1   -1    0   -0.000662  0.003772 -0.001659
   2    3    1    1    0    0.000662  0.003772  0.001659
   2    4   -1   -1   -1   -0.000538  0.002572 -0.005380
   2    4   -1   -1    0    0.000538 -0.002572 -0.005380
   2    4   -1    0   -1    0.000538  0.002572  0.005380
   2    4   -1    0    0   -0.000538 -0.002572  0.005380
   2    4    1   -1   -1   -0.000538 -0.002572  0.005380
   2    4    1   -1    0    0.000538  0.002572  0.005380
   2    4    1    0   -1    0.000538 -0.002572 -0.005380
   2    4    1    0    0   -0.000538  0.002572 -0.005380
   2    3    0   -1   -1    0.000662  0.003772  0.001659
   2    3    0    1   -1   -0.000662  0.003772 -0.001659
   2    3    1   -1   -1    0.000662 -0.003772 -0.001659
   2    3    1    1   -1   -0.000662 -0.003772  0.001659
   2    2   -1    0   -1   -0.000000 -0.003948  0.000000
   2    2   -1    0    1   -0.000000  0.003948 -0.000000
   2    2    0   -1   -1   -0.001952  0.000000 -0.000000
   2    2    0   -1    1    0.001952 -0.000000 -0.000000
   2    2    0    1   -1    0.001952 -0.000000 -0.000000
   2    2    0    1    1   -0.001952  0.000000 -0.000000
   2    2    1    0   -1   -0.000000  0.003948 -0.000000
   2    2    1    0    1   -0.000000 -0.003948  0.000000
   2    2   -1   -1    0   -0.000000  0.000000 -0.009783
   2    2   -1    1    0   -0.000000 -0.000000  0.009783
   2    2    1   -1    0   -0.000000 -0.000000  0.009783
   2    2    1    1    0   -0.000000  0.000000 -0.009783
   2    3    0    0    1    0.000000 -0.005857 -0.000000
   2    3    1    0    1   -0.000000  0.005857 -0.000000
   2    4    0   -1    1   -0.000560 -0.000000  0.000000
   2    4    0    0    1    0.000560  0.000000  0.000000
   2    3    0    0   -2    0.000000  0.005857  0.000000
   2    3    1    0   -2   -0.000000 -0.005857  0.000000
   2    4    0   -1   -2    0.000560 -0.000000 -0.000000
   2    4    0    0   -2   -0.000560  0.000000 -0.000000
   2    3   -1    0    0   -0.000000 -0.006716 -0.000000
   2    3    2    0    0    0.000000  0.006716  0.000000
   2    4    0   -2    0   -0.000821  0.000000 -0.000000
   2    4    0    1    0    0.000821 -0.000000 -0.000000
   2    3   -1    0   -1   -0.000000  0.006716 -0.000000
   2    3    2    0   -1    0.000000 -0.006716  0.000000
   2    4    0   -2   -1    0.000821  0.000000  0.000000
   2    4    0    1   -1   -0.000821 -0.000000  0.000000
   2    1   -1   -1    0    0.000000 -0.000000  0.001895
   2    1   -1    0    0   -0.000000  0.000000 -0.001895
   2    1    0   -2    0    0.000000  0.000000 -0.001469
   2    1    0    1    0    0.000000 -0.000000  0.001469
   2    1    1   -2    0    0.000000 -0.000000  0.001469
   2    1    1    1    0    0.000000  0.000000 -0.001469
   2    1    2   -1    0   -0.000000  0.000000 -0.001895
   2    1    2    0    0    0.000000 -0.000000  0.001895
   2    2   -1   -1   -1   -0.001427 -0.000269 -0.000286
   2    2   -1   -1    1    0.001427  0.000269 -0.000286
   2    2   -1    1   -1    0.001427 -0.000269  0.000286
   2    2   -1    1    1   -0.001427  0.000269  0.000286
   2    2    1   -1   -1   -0.001427  0.000269  0.000286
   2    2    1   -1    1    0.001427 -0.000269  0.000286
   2    2    1    1   -1    0.001427  0.000269 -0.000286
   2    2    1    1    1   -0.001427 -0.000269 -0.000286
   2    3    0   -1    1    0.000577 -0.001632  0.001840
   2    3    0    1    1   -0.000577 -0.001632 -0.001840
   2    3    1   -1    1    0.000577  0.001632 -0.001840
   2    3    1    1    1   -0.000577  0.001632  0.001840
   2    4   -1   -1   -2   -0.000726 -0.005437 -0.001574
   2    4   -1   -1    1    0.000726  0.005437 -0.001574
   2    4   -1    0   -2    0.000726 -0.005437  0.001574
   2    4   -1    0    1   -0.000726  0.005437  0.001574
   2    4    1   -1   -2   -0.000726  0.005437  0.001574
   2    4    1   -1    1    0.000726 -0.005437  0.001574
   2    4    1    0   -2    0.000726  0.005437 -0.001574
   2    4    1    0    1   -0.000726 -0.005437 -0.001574
   2    3    0   -1   -2   -0.000577  0.001632  0.001840
   2    3    0    1   -2    0.000577  0.001632 -0.001840
   2    3    1   -1   -2   -0.000577 -0.001632 -0.001840
   2    3    1    1   -2    0.000577 -0.001632  0.001840
   2    1   -1   -1   -1    0.000472  0.001843  0.000683
   2    1   -1   -1    1   -0.000472 -0.001843  0.000683
   2    1   -1    0   -1   -0.000472  0.001843 -0.000683
   2    1   -1    0    1    0.000472 -0.001843 -0.000683
   2    1    2   -1   -1    0.000472 -0.001843 -0.000683
   2    1    2   -1    1   -0.000472  0.001843 -0.000683
   2    1    2    0   -1   -0.000472 -0.001843  0.000683
   2    1    2    0    1    0.000472  0.001843  0.000683
   2    1    0   -2   -1   -0.000539 -0.000486  0.001912
   2    1    0   -2    1    0.000539  0.000486  0.001912
   2    1    0    1   -1    0.000539 -0.000486 -0.001912
   2    1    0    1    1   -0.000539  0.000486 -0.001912
   2    1    1   -2   -1   -0.000539  0.000486 -0.001912
   2    1    1   -2    1    0.000539 -0.000486 -0.001912
   2    1    1    1   -1    0.000539  0.000486  0.001912
   2    1    1    1    1   -0.000539 -0.000486  0.001912
   2    3   -1   -1    0   -0.000530 -0.000596  0.001496
   2    3   -1    1    0    0.000530 -0.000596 -0.001496
   2    3    2   -1    0   -0.000530  0.000596 -0.001496
   2    3    2    1    0    0.000530  0.000596  0.001496
   2    4   -1   -2    0    0.000676  0.002053 -0.000128
   2    4   -1    1    0   -0.000676  0.002053  0.000128
   2    4    1   -2    0    0.000676 -0.002053  0.000128
   2    4    1    1    0   -0.000676 -0.002053 -0.000128
   2    3   -1   -1   -1    0.000530  0.000596  0.001496
   2    3   -1    1   -1   -0.000530  0.000596 -0.001496
   2    3    2   -1   -1    0.000530 -0.000596 -0.001496
   2    3    2    1   -1   -0.000530 -0.000596  0.001496
   2    4   -1   -2   -1   -0.000676 -0.002053 -0.000128
   2    4   -1    1   -1    0.000676 -0.002053  0.000128
   2    4    1   -2   -1   -0.000676  0.002053  0.000128
   2    4    1    1   -1    0.000676  0.002053 -0.000128
   2    2    0    0   -2   -0.000000 -0.000000  0.000000
   2    2    0    0    2   -0.000000 -0.000000  0.000000
   2    2    2    0    0   -0.000000  0.000000  0.000000
   2    2   -2    0    0   -0.000000  0.000000  0.000000
   2    2    0   -2    0    0.000000  0.000000 -0.000000
   2    2    0    2    0    0.000000  0.000000 -0.000000
   2    1    0   -1   -2   -0.000093  0.000094  0.001467
   2    1    0    0   -2    0.000093  0.000094 -0.001467
   2    1    1   -1   -2   -0.000093 -0.000094 -0.001467
   2    1    1    0   -2    0.000093 -0.000094  0.001467
   2    1    0   -1    2    0.000093 -0.000094  0.001467
   2    1    0    0    2   -0.000093 -0.000094 -0.001467
   2    1    1   -1    2    0.000093  0.000094 -0.001467
   2    1    1    0    2   -0.000093  0.000094  0.001467
   2    3   -1    0    1   -0.000000 -0.000963 -0.000000
   2    3    2    0    1    0.000000  0.000963  0.000000
   2    4    0   -2    1   -0.000843  0.000000  0.000000
   2    4    0    1    1    0.000843 -0.000000  0.000000
   2    3   -1    0   -2   -0.000000  0.000963 -0.000000
   2    3    2    0   -2    0.000000 -0.000963  0.000000
   2    4    0   -2   -2    0.000843  0.000000 -0.000000
   2    4    0    1   -2   -0.000843 -0.000000 -0.000000
   2    4    2   -1    0    0.000375 -0.001761  0.002826
   2    4    2    0    0   -0.000375 -0.001761 -0.002826
   2    4   -2   -1    0    0.000375  0.001761 -0.002826
   2    4   -2    0    0   -0.000375  0.001761  0.002826
   2    4    2   -1   -1   -0.000375  0.001761  0.002826
   2    4    2    0   -1    0.000375  0.001761 -0.002826
   2    3    0   -2   -1    0.000223 -0.000081  0.002656
   2    3    0   -2    0   -0.000223  0.000081  0.002656
   2    3    0    2   -1   -0.000223 -0.000081 -0.002656
   2    3    0    2    0    0.000223  0.000081 -0.002656
   2    3    1   -2   -1    0.000223  0.000081 -0.002656
   2    3    1   -2    0   -0.000223 -0.000081 -0.002656
   2    3    1    2   -1   -0.000223  0.000081  0.002656
   2    3    1    2    0    0.000223 -0.000081  0.002656
   2    4   -2   -1   -1   -0.000375 -0.001761 -0.002826
   2    4   -2    0   -1    0.000375 -0.001761  0.002826
   2    1   -1   -2    0    0.000000 -0.000000 -0.000589
   2    1   -1    1    0    0.000000  0.000000  0.000589
   2    1    2   -2    0    0.000000  0.000000  0.000589
   2    1    2    1    0    0.000000 -0.000000 -0.000589
   2    2   -1    0   -2   -0.000000 -0.000230  0.000000
   2    2    0   -1   -2    0.000282 -0.000000  0.000000
   2    2    0    1   -2   -0.000282  0.000000 -0.000000
   2    2    1    0   -2   -0.000000  0.000230 -0.000000
   2    2   -1    0    2   -0.000000  0.000230 -0.000000
   2    2    0   -1    2   -0.000282  0.000000 -0.000000
   2    2    0    1    2    0.000282 -0.000000  0.000000
   2    2    1    0    2   -0.000000 -0.000230  0.000000
   2    2   -2    0   -1   -0.000000 -0.000347 -0.000000
   2    2   -2    0    1   -0.000000  0.000347  0.000000
   2    2    0   -2   -1    0.000841 -0.000000 -0.000000
   2    2    0   -2    1   -0.000841  0.000000  0.000000
   2    2    0    2   -1   -0.000841  0.000000  0.000000
   2    2    0    2    1    0.000841 -0.000000 -0.000000
   2    2    2    0   -1   -0.000000  0.000347  0.000000
   2    2    2    0    1   -0.000000 -0.000347 -0.000000
   2    2   -2   -1    0    0.000000 -0.000000 -0.000711
   2    2   -2    1    0    0.000000 -0.000000  0.000711
   2    2    2   -1    0    0.000000 -0.000000  0.000711
   2    2    2    1    0    0.000000 -0.000000 -0.000711
   2    2   -1   -2    0    0.000000  0.000000  0.000276
   2    2   -1    2    0   -0.000000 -0.000000 -0.000276
   2    2    1   -2    0   -0.000000 -0.000000 -0.000276
   2    2    1    2    0    0.000000  0.000000  0.000276
   2    3   -1   -1   -2    0.000576  0.000815 -0.000681
   2    3   -1   -1    1   -0.000576 -0.000815 -0.000681
   2    3   -1    1   -2   -0.000576  0.000815  0.000681
   2    3   -1    1    1    0.000576 -0.000815  0.000681
   2    3    2   -1   -2    0.000576 -0.000815  0.000681
   2    3    2   -1    1   -0.000576  0.000815  0.000681
   2    3    2    1   -2   -0.000576 -0.000815 -0.000681
   2    3    2    1    1    0.000576  0.000815 -0.000681
   2    4   -1   -2   -2   -0.000463  0.001123  0.000466
   2    4   -1   -2    1    0.000463 -0.001123  0.000466
   2    4   -1    1   -2    0.000463  0.001123 -0.000466
   2    4   -1    1    1   -0.000463 -0.001123 -0.000466
   2    4    1   -2   -2   -0.000463 -0.001123 -0.000466
   2    4    1   -2    1    0.000463  0.001123 -0.000466
   2    4    1    1   -2    0.000463 -0.001123  0.000466
   2    4    1    1    1   -0.000463  0.001123  0.000466
   2    1   -1   -2   -1    0.000264 -0.000339 -0.000019
   2    1   -1   -2    1   -0.000264  0.000339 -0.000019
   2    1   -1    1   -1   -0.000264 -0.000339  0.000019
   2    1   -1    1    1    0.000264  0.000339  0.000019
   2    1    2   -2   -1    0.000264  0.000339  0.000019
   2    1    2   -2    1   -0.000264 -0.000339  0.000019
   2    1    2    1   -1   -0.000264  0.000339 -0.000019
   2    1    2    1    1    0.000264 -0.000339 -0.000019
   2    2   -1   -1   -2    0.000567 -0.000214 -0.000196
   2    2   -1   -1    2   -0.000567  0.000214 -0.000196
   2    2   -1    1   -2   -0.000567 -0.000214  0.000196
   2    2   -1    1    2    0.000567  0.000214  0.000196
   2    2    1   -1   -2    0.000567  0.000214  0.000196
   2    2    1   -1    2   -0.000567 -0.000214  0.000196
   2    2    1    1   -2   -0.000567  0.000214 -0.000196
   2    2    1    1    2    0.000567 -0.000214 -0.000196
   2    2   -2   -1   -1   -0.000158 -0.000635 -0.000087
   2    2   -2   -1    1    0.000158  0.000635 -0.000087
   2    2   -2    1   -1    0.000158 -0.000635  0.000087
   2    2   -2    1    1   -0.000158  0.000635  0.000087
   2    2   -1   -2   -1    0.000068  0.000461 -0.000248
   2    2   -1   -2    1   -0.000068 -0.000461 -0.000248
   2    2   -1    2   -1   -0.000068  0.000461  0.000248
   2    2   -1    2    1    0.000068 -0.000461  0.000248
   2    2    1   -2   -1    0.000068 -0.000461  0.000248
   2    2    1   -2    1   -0.000068  0.000461  0.000248
   2    2    1    2   -1   -0.000068 -0.000461 -0.000248
   2    2    1    2    1    0.000068  0.000461 -0.000248
   2    2    2   -1   -1   -0.000158  0.000635  0.000087
   2    2    2   -1    1    0.000158 -0.000635  0.000087
   2    2    2    1   -1    0.000158  0.000635 -0.000087
   2    2    2    1    1   -0.000158 -0.000635 -0.000087
   2    3    0    0   -3    0.000000  0.000714  0.000000
   2    3    0    0    2   -0.000000 -0.000714 -0.000000
   2    3    1    0   -3    0.000000 -0.000714  0.000000
   2    3    1    0    2   -0.000000  0.000714 -0.000000
   2    4    0   -1   -3    0.000254 -0.000000 -0.000000
   2    4    0   -1    2   -0.000254 -0.000000  0.000000
   2    4    0    0   -3   -0.000254  0.000000 -0.000000
   2    4    0    0    2    0.000254  0.000000  0.000000
   2    1   -1   -1   -2   -0.000321 -0.000193 -0.000016
   2    1   -1   -1    2    0.000321  0.000193 -0.000016
   2    1   -1    0   -2    0.000321 -0.000193  0.000016
   2    1   -1    0    2   -0.000321  0.000193  0.000016
   2    1    0   -2   -2   -0.000021 -0.000057 -0.000132
   2    1    0   -2    2    0.000021  0.000057 -0.000132
   2    1    0    1   -2    0.000021 -0.000057  0.000132
   2    1    0    1    2   -0.000021  0.000057  0.000132
   2    1    1   -2   -2   -0.000021  0.000057  0.000132
   2    1    1   -2    2    0.000021 -0.000057  0.000132
   2    1    1    1   -2    0.000021  0.000057 -0.000132
   2    1    1    1    2   -0.000021 -0.000057 -0.000132
   2    1    2   -1   -2   -0.000321  0.000193  0.000016
   2    1    2   -1    2    0.000321 -0.000193  0.000016
   2    1    2    0   -2    0.000321  0.000193 -0.000016
   2    1    2    0    2   -0.000321 -0.000193 -0.000016
   2    3    0   -2    1   -0.000003 -0.000164 -0.000284
   2    3    0    2    1    0.000003 -0.000164  0.000284
   2    3    1   -2    1   -0.000003  0.000164  0.000284
   2    3    1    2    1    0.000003  0.000164 -0.000284
   2    4   -2   -1   -2    0.000052 -0.001305  0.000380
   2    4   -2   -1    1   -0.000052  0.001305  0.000380
   2    4   -2    0   -2   -0.000052 -0.001305 -0.000380
   2    4   -2    0    1    0.000052  0.001305 -0.000380
   2    4    2   -1   -2    0.000052  0.001305 -0.000380
   2    4    2   -1    1   -0.000052 -0.001305 -0.000380
   2    4    2    0   -2   -0.000052  0.001305  0.000380
   2    4    2    0    1    0.000052 -0.001305  0.000380
   2    3    0   -2   -2    0.000003  0.000164 -0.000284
   2    3    0    2   -2   -0.000003  0.000164  0.000284
   2    3    1   -2   -2    0.000003 -0.000164  0.000284
   2    3    1    2   -2   -0.000003 -0.000164 -0.000284
   2    3   -2    0   -1    0.000000  0.001409 -0.000000
   2    3   -2    0    0    0.000000 -0.001409  0.000000
   2    3    3    0   -1   -0.000000 -0.001409 -0.000000
   2    3    3    0    0   -0.000000  0.001409  0.000000
   2    4    0   -3   -1    0.000271  0.000000  0.000000
   2    4    0   -3    0   -0.000271  0.000000 -0.000000
   2    4    0    2   -1   -0.000271 -0.000000  0.000000
   2    4    0    2    0    0.000271 -0.000000 -0.000000
   2    4    2   -2   -1    0.000092 -0.000662  0.002161
   2    4    2   -2    0   -0.000092  0.000662  0.002161
   2    4    2    1   -1   -0.000092 -0.000662 -0.002161
   2    4    2    1    0    0.000092  0.000662 -0.002161
   2    3   -1   -2   -1    0.000132  0.001255  0.001686
   2    3   -1   -2    0   -0.000132 -0.001255  0.001686
   2    3   -1    2   -1   -0.000132  0.001255 -0.001686
   2    3   -1    2    0    0.000132 -0.001255 -0.001686
   2    3    2   -2   -1    0.000132 -0.001255 -0.001686
   2    3    2   -2    0   -0.000132  0.001255 -0.001686
   2    3    2    2   -1   -0.000132 -0.001255  0.001686
   2    3    2    2    0    0.000132  0.001255  0.001686
   2    4   -2   -2   -1    0.000092  0.000662 -0.002161
   2    4   -2   -2    0   -0.000092 -0.000662 -0.002161
   2    4   -2    1   -1   -0.000092  0.000662  0.002161
   2    4   -2    1    0    0.000092 -0.000662  0.002161
   2    1   -2   -1    0    0.000000  0.000000 -0.000076
   2    1   -2    0    0    0.000000  0.000000  0.000076
   2    1    0   -3    0    0.000000  0.000000 -0.000242
   2    1    0    2    0    0.000000 -0.000000  0.000242
   2    1    1   -3    0    0.000000 -0.000000  0.000242
   2    1    1    2    0    0.000000  0.000000 -0.000242
   2    1    3   -1    0    0.000000  0.000000  0.000076
   2    1    3    0    0    0.000000  0.000000 -0.000076
   2    3    0   -1   -3    0.000031 -0.000376 -0.000248
   2    3    0   -1    2   -0.000031  0.000376 -0.000248
   2    3    0    1   -3   -0.000031 -0.000376  0.000248
   2    3    0    1    2    0.000031  0.000376  0.000248
   2    3    1   -1   -3    0.000031  0.000376  0.000248
   2    3    1   -1    2   -0.000031 -0.000376  0.000248
   2    3    1    1   -3   -0.000031  0.000376 -0.000248
   2    3    1    1    2    0.000031 -0.000376 -0.000248
   2    4   -1   -1   -3    0.000086 -0.000870  0.000293
   2    4   -1   -1    2   -0.000086  0.000870  0.000293
   2    4   -1    0   -3   -0.000086 -0.000870 -0.000293
   2    4   -1    0    2    0.000086  0.000870 -0.000293
   2    4    1   -1   -3    0.000086  0.000870 -0.000293
   2    4    1   -1    2   -0.000086 -0.000870 -0.000293
   2    4    1    0   -3   -0.000086  0.000870  0.000293
   2    4    1    0    2    0.000086 -0.000870  0.000293
   2    1   -2   -1   -1    0.000076 -0.000114 -0.000032
   2    1   -2   -1    1   -0.000076  0.000114 -0.000032
   2    1   -2    0   -1   -0.000076 -0.000114  0.000032
   2    1   -2    0    1    0.000076  0.000114  0.000032
   2    1    0   -3   -1   -0.000114  0.000059 -0.000055
   2    1    0   -3    1    0.000114 -0.000059 -0.000055
   2    1    0    2   -1    0.000114  0.000059  0.000055
   2    1    0    2    1   -0.000114 -0.000059  0.000055
   2    1    1   -3   -1   -0.000114 -0.000059  0.000055
   2    1    1   -3    1    0.000114  0.000059  0.000055
   2    1    1    2   -1    0.000114 -0.000059 -0.000055
   2    1    1    2    1   -0.000114  0.000059 -0.000055
   2    1    3   -1   -1    0.000076  0.000114  0.000032
   2    1    3   -1    1   -0.000076 -0.000114  0.000032
   2    1    3    0   -1   -0.000076  0.000114 -0.000032
   2    1    3    0    1    0.000076 -0.000114 -0.000032
   2    3   -2   -1   -1    0.000332 -0.000213  0.000854
   2    3   -2   -1    0   -0.000332  0.000213  0.000854
   2    3   -2    1   -1   -0.000332 -0.000213 -0.000854
   2    3   -2    1    0    0.000332  0.000213 -0.000854
   2    3    3   -1   -1    0.000332  0.000213 -0.000854
   2    3    3   -1    0   -0.000332 -0.000213 -0.000854
   2    3    3    1   -1   -0.000332  0.000213  0.000854
   2    3    3    1    0    0.000332 -0.000213  0.000854
   2    4   -1   -3   -1   -0.000022 -0.000046 -0.000918
   2    4   -1   -3    0    0.000022  0.000046 -0.000918
   2    4   -1    2   -1    0.000022 -0.000046  0.000918
   2    4   -1    2    0   -0.000022  0.000046  0.000918
   2    4    1   -3   -1   -0.000022  0.000046  0.000918
   2    4    1   -3    0    0.000022 -0.000046  0.000918
   2    4    1    2   -1    0.000022  0.000046 -0.000918
   2    4    1    2    0   -0.000022 -0.000046 -0.000918
   2    2   -2    0   -2    0.000000  0.000279 -0.000000
   2    2    0   -2   -2   -0.000846  0.000000  0.000000
   2    2    0    2   -2    0.000846  0.000000  0.000000
   2    2    2    0   -2   -0.000000 -0.000279  0.000000
   2    2    2    0    2    0.000000  0.000279 -0.000000
   2    2   -2    0    2   -0.000000 -0.000279  0.000000
   2    2    0   -2    2    0.000846  0.000000  0.000000
   2    2    0    2    2   -0.000846  0.000000  0.000000
   2    2   -2   -2    0   -0.000000  0.000000  0.000478
   2    2   -2    2    0   -0.000000 -0.000000 -0.000478
   2    2    2   -2    0   -0.000000 -0.000000 -0.000478
   2    2    2    2    0   -0.000000  0.000000  0.000478
   2    3   -1    0   -3    0.000000 -0.001126 -0.000000
   2    3   -1    0    2   -0.000000  0.001126  0.000000
   2    3    2    0   -3    0.000000  0.001126 -0.000000
   2    3    2    0    2   -0.000000 -0.001126  0.000000
   2    4    0   -2   -3    0.000180 -0.000000  0.000000
   2    4    0   -2    2   -0.000180 -0.000000 -0.000000
   2    4    0    1   -3   -0.000180  0.000000  0.000000
   2    4    0    1    2    0.000180  0.000000 -0.000000
   2    1   -1   -2   -2   -0.000126  0.000019 -0.000002
   2    1   -1    1   -2    0.000126  0.000019  0.000002
   2    1    2   -2   -2   -0.000126 -0.000019  0.000002
   2    1    2    1   -2    0.000126 -0.000019 -0.000002
   2    1   -1   -2    2    0.000126 -0.000019 -0.000002
   2    1   -1    1    2   -0.000126 -0.000019  0.000002
   2    1    2   -2    2    0.000126  0.000019  0.000002
   2    1    2    1    2   -0.000126  0.000019 -0.000002
   2    3   -2    0   -2    0.000000 -0.000090  0.000000
   2    3   -2    0    1    0.000000  0.000090  0.000000
   2    3    3    0   -2   -0.000000  0.000090 -0.000000
   2    3    3    0    1   -0.000000 -0.000090 -0.000000
   2    4    0   -3   -2   -0.000250  0.000000  0.000000
   2    4    0   -3    1    0.000250  0.000000 -0.000000
   2    4    0    2   -2    0.000250 -0.000000  0.000000
   2    4    0    2    1   -0.000250 -0.000000 -0.000000
   2    4    2   -2   -2   -0.000247  0.000110 -0.000181
   2    4    2   -2    1    0.000247 -0.000110 -0.000181
   2    4    2    1   -2    0.000247  0.000110  0.000181
   2    4    2    1    1   -0.000247 -0.000110  0.000181
   2    3   -1   -2   -2    0.000138 -0.000228 -0.000279
   2    3   -1   -2    1   -0.000138  0.000228 -0.000279
   2    3   -1    2   -2   -0.000138 -0.000228  0.000279
   2    3   -1    2    1    0.000138  0.000228  0.000279
   2    3    2   -2   -2    0.000138  0.000228  0.000279
   2    3    2   -2    1   -0.000138 -0.000228  0.000279
   2    3    2    2   -2   -0.000138  0.000228 -0.000279
   2    3    2    2    1    0.000138 -0.000228 -0.000279
   2    4   -2   -2   -2   -0.000247 -0.000110  0.000181
   2    4   -2   -2    1    0.000247  0.000110  0.000181
   2    4   -2    1   -2    0.000247 -0.000110 -0.000181
   2    4   -2    1    1   -0.000247  0.000110 -0.000181
   2    1   -2   -2    0   -0.000000  0.000000  0.000134
   2    1   -2    1    0   -0.000000 -0.000000 -0.000134
   2    1   -1   -3    0    0.000000 -0.000000 -0.000250
   2    1   -1    2    0    0.000000  0.000000  0.000250
   2    1    2   -3    0    0.000000  0.000000  0.000250
   2    1    2    2    0    0.000000 -0.000000 -0.000250
   2    1    3   -2    0   -0.000000 -0.000000 -0.000134
   2    1    3    1    0   -0.000000  0.000000  0.000134
   2    2    0    0   -3    0.000000 -0.000000  0.000000
   2    2    0    0    3    0.000000 -0.000000  0.000000
   2    2   -2   -1   -2   -0.000128  0.000155 -0.000046
   2    2   -2   -1    2    0.000128 -0.000155 -0.000046
   2    2   -2    1   -2    0.000128  0.000155  0.000046
   2    2   -2    1    2   -0.000128 -0.000155  0.000046
   2    2   -1   -2   -2   -0.000036 -0.000009 -0.000020
   2    2   -1    2   -2    0.000036 -0.000009  0.000020
   2    2    1   -2   -2   -0.000036  0.000009  0.000020
   2    2    1    2   -2    0.000036  0.000009 -0.000020
   2    2    2   -1   -2   -0.000128 -0.000155  0.000046
   2    2    2   -1    2    0.000128  0.000155  0.000046
   2    2    2    1   -2    0.000128 -0.000155 -0.000046
   2    2    2    1    2   -0.000128  0.000155 -0.000046
   2    2   -1   -2    2    0.000036  0.000009 -0.000020
   2    2   -1    2    2   -0.000036  0.000009  0.000020
   2    2    1   -2    2    0.000036 -0.000009  0.000020
   2    2    1    2    2   -0.000036 -0.000009 -0.000020
   2    2   -2   -2   -1   -0.000001  0.000267 -0.000065
   2    2   -2   -2    1    0.000001 -0.000267 -0.000065
   2    2   -2    2   -1    0.000001  0.000267  0.000065
   2    2   -2    2    1   -0.000001 -0.000267  0.000065
   2    2    2   -2   -1   -0.000001 -0.000267  0.000065
   2    2    2   -2    1    0.000001  0.000267  0.000065
   2    2    2    2   -1    0.000001 -0.000267 -0.000065
   2    2    2    2    1   -0.000001  0.000267 -0.000065
   2    2   -3    0    0    0.000000 -0.000000  0.000000
   2    2    0   -3    0   -0.000000  0.000000  0.000000
   2    2    0    3    0   -0.000000  0.000000  0.000000
   2    2    3    0    0    0.000000 -0.000000  0.000000
   2    1    0   -1   -3    0.000021  0.000013 -0.000365
   2    1    0   -1    3   -0.000021 -0.000013 -0.000365
   2    1    0    0   -3   -0.000021  0.000013  0.000365
   2    1    0    0    3    0.000021 -0.000013  0.000365
   2    1    1   -1   -3    0.000021 -0.000013  0.000365
   2    1    1   -1    3   -0.000021  0.000013  0.000365
   2    1    1    0   -3   -0.000021 -0.000013 -0.000365
   2    1    1    0    3    0.000021  0.000013 -0.000365
   2    3   -1   -1   -3   -0.000235  0.000577 -0.000077
   2    3   -1   -1    2    0.000235 -0.000577 -0.000077
   2    3   -1    1   -3    0.000235  0.000577  0.000077
   2    3   -1    1    2   -0.000235 -0.000577  0.000077
   2    3    2   -1   -3   -0.000235 -0.000577  0.000077
   2    3    2   -1    2    0.000235  0.000577  0.000077
   2    3    2    1   -3    0.000235 -0.000577 -0.000077
   2    3    2    1    2   -0.000235  0.000577 -0.000077
   2    4   -1   -2   -3    0.000008  0.000291  0.000192
   2    4   -1   -2    2   -0.000008 -0.000291  0.000192
   2    4   -1    1   -3   -0.000008  0.000291 -0.000192
   2    4   -1    1    2    0.000008 -0.000291 -0.000192
   2    4    1   -2   -3    0.000008 -0.000291 -0.000192
   2    4    1   -2    2   -0.000008  0.000291 -0.000192
   2    4    1    1   -3   -0.000008 -0.000291  0.000192
   2    4    1    1    2    0.000008  0.000291  0.000192
   2    3   -2   -1   -2   -0.000044  0.000009 -0.000064
   2    3   -2   -1    1    0.000044 -0.000009 -0.000064
   2    3   -2    1   -2    0.000044  0.000009  0.000064
   2    3   -2    1    1   -0.000044 -0.000009  0.000064
   2    3    3   -1   -2   -0.000044 -0.000009  0.000064
   2    3    3   -1    1    0.000044  0.000009  0.000064
   2    3    3    1   -2    0.000044 -0.000009 -0.000064
   2    3    3    1    1   -0.000044  0.000009 -0.000064
   2    4   -1   -3   -2   -0.000160 -0.000044  0.000129
   2    4   -1   -3    1    0.000160  0.000044  0.000129
   2    4   -1    2   -2    0.000160 -0.000044 -0.000129
   2    4   -1    2    1   -0.000160  0.000044 -0.000129
   2    4    1   -3   -2   -0.000160  0.000044 -0.000129
   2    4    1   -3    1    0.000160 -0.000044 -0.000129
   2    4    1    2   -2    0.000160  0.000044  0.000129
   2    4    1    2    1   -0.000160 -0.000044  0.000129
   2    1   -2   -2   -1    0.000055  0.000209 -0.000155
   2    1   -2   -2    1   -0.000055 -0.000209 -0.000155
   2    1   -2    1   -1   -0.000055  0.000209  0.000155
   2    1   -2    1    1    0.000055 -0.000209  0.000155
   2    1   -1   -3   -1    0.000199 -0.000026 -0.000074
   2    1   -1   -3    1   -0.000199  0.000026 -0.000074
   2    1   -1    2   -1   -0.000199 -0.000026  0.000074
   2    1   -1    2    1    0.000199  0.000026  0.000074
   2    1    2   -3   -1    0.000199  0.000026  0.000074
   2    1    2   -3    1   -0.000199 -0.000026  0.000074
   2    1    2    2   -1   -0.000199  0.000026 -0.000074
   2    1    2    2    1    0.000199 -0.000026 -0.000074
   2    1    3   -2   -1    0.000055 -0.000209  0.000155
   2    1    3   -2    1   -0.000055  0.000209  0.000155
   2    1    3    1   -1   -0.000055 -0.000209 -0.000155
   2    1    3    1    1    0.000055  0.000209 -0.000155
   2    4   -3   -1   -1   -0.000142 -0.000167 -0.000397
   2    4   -3   -1    0    0.000142  0.000167 -0.000397
   2    4   -3    0   -1    0.000142 -0.000167  0.000397
   2    4   -3    0    0   -0.000142  0.000167  0.000397
   2    3    0   -3   -1    0.000171 -0.000105  0.000366
   2    3    0   -3    0   -0.000171  0.000105  0.000366
   2    3    0    3   -1   -0.000171 -0.000105 -0.000366
   2    3    0    3    0    0.000171  0.000105 -0.000366
   2    3    1   -3   -1    0.000171  0.000105 -0.000366
   2    3    1   -3    0   -0.000171 -0.000105 -0.000366
   2    3    1    3   -1   -0.000171  0.000105  0.000366
   2    3    1    3    0    0.000171 -0.000105  0.000366
   2    4    3   -1   -1   -0.000142  0.000167  0.000397
   2    4    3   -1    0    0.000142 -0.000167  0.000397
   2    4    3    0   -1    0.000142  0.000167 -0.000397
   2    4    3    0    0   -0.000142 -0.000167 -0.000397
   2    2   -1    0   -3   -0.000000  0.000097 -0.000000
   2    2   -1    0    3   -0.000000 -0.000097  0.000000
   2    2    0   -1   -3   -0.000127 -0.000000 -0.000000
   2    2    0   -1    3    0.000127 -0.000000  0.000000
   2    2    0    1   -3    0.000127 -0.000000  0.000000
   2    2    0    1    3   -0.000127 -0.000000 -0.000000
   2    2    1    0   -3   -0.000000 -0.000097  0.000000
   2    2    1    0    3   -0.000000  0.000097 -0.000000
   2    2   -3    0   -1   -0.000000  0.000042  0.000000
   2    2   -3    0    1    0.000000 -0.000042 -0.000000
   2    2    0   -3   -1   -0.000187  0.000000  0.000000
   2    2    0   -3    1    0.000187 -0.000000  0.000000
   2    2    0    3   -1    0.000187 -0.000000  0.000000
   2    2    0    3    1   -0.000187  0.000000  0.000000
   2    2    3    0   -1    0.000000 -0.000042 -0.000000
   2    2    3    0    1   -0.000000  0.000042  0.000000
   2    2   -3   -1    0   -0.000000  0.000000  0.000146
   2    2   -3    1    0   -0.000000 -0.000000 -0.000146
   2    2   -1   -3    0   -0.000000  0.000000  0.000095
   2    2   -1    3    0   -0.000000 -0.000000 -0.000095
   2    2    1   -3    0   -0.000000 -0.000000 -0.000095
   2    2    1    3    0   -0.000000  0.000000  0.000095
   2    2    3   -1    0   -0.000000 -0.000000 -0.000146
   2    2    3    1    0   -0.000000  0.000000  0.000146
   2    4    2   -1   -3    0.000065 -0.000400 -0.000088
   2    4    2   -1    2   -0.000065  0.000400 -0.000088
   2    4    2    0   -3   -0.000065 -0.000400  0.000088
   2    4    2    0    2    0.000065  0.000400  0.000088
   2    3    0   -2   -3   -0.000105 -0.000299 -0.000149
   2    3    0   -2    2    0.000105  0.000299 -0.000149
   2    3    0    2   -3    0.000105 -0.000299  0.000149
   2    3    0    2    2   -0.000105  0.000299  0.000149
   2    3    1   -2   -3   -0.000105  0.000299  0.000149
   2    3    1   -2    2    0.000105 -0.000299  0.000149
   2    3    1    2   -3    0.000105  0.000299 -0.000149
   2    3    1    2    2   -0.000105 -0.000299 -0.000149
   2    4   -2   -1   -3    0.000065  0.000400  0.000088
   2    4   -2   -1    2   -0.000065 -0.000400  0.000088
   2    4   -2    0   -3   -0.000065  0.000400 -0.000088
   2    4   -2    0    2    0.000065 -0.000400 -0.000088
   2    1   -2   -1   -2    0.000042 -0.000079 -0.000023
   2    1   -2   -1    2   -0.000042  0.000079 -0.000023
   2    1   -2    0   -2   -0.000042 -0.000079  0.000023
   2    1   -2    0    2    0.000042  0.000079  0.000023
   2    1    0   -3   -2    0.000216  0.000004 -0.000055
   2    1    0   -3    2   -0.000216 -0.000004 -0.000055
   2    1    0    2   -2   -0.000216  0.000004  0.000055
   2    1    0    2    2    0.000216 -0.000004  0.000055
   2    1    1   -3   -2    0.000216 -0.000004  0.000055
   2    1    1   -3    2   -0.000216  0.000004  0.000055
   2    1    1    2   -2   -0.000216 -0.000004 -0.000055
   2    1    1    2    2    0.000216  0.000004 -0.000055
   2    1    3   -1   -2    0.000042  0.000079  0.000023
   2    1    3   -1    2   -0.000042 -0.000079  0.000023
   2    1    3    0   -2   -0.000042  0.000079 -0.000023
   2    1    3    0    2    0.000042 -0.000079 -0.000023
   2    4    2   -3   -1   -0.000051  0.000645  0.001195
   2    4    2   -3    0    0.000051 -0.000645  0.001195
   2    4    2    2   -1    0.000051  0.000645 -0.001195
   2    4    2    2    0   -0.000051 -0.000645 -0.001195
   2    3   -2   -2   -1   -0.000201 -0.000805  0.001483
   2    3   -2   -2    0    0.000201  0.000805  0.001483
   2    3   -2    2   -1    0.000201 -0.000805 -0.001483
   2    3   -2    2    0   -0.000201  0.000805 -0.001483
   2    3    3   -2   -1   -0.000201  0.000805 -0.001483
   2    3    3   -2    0    0.000201 -0.000805 -0.001483
   2    3    3    2   -1    0.000201  0.000805  0.001483
   2    3    3    2    0   -0.000201 -0.000805  0.001483
   2    4   -2   -3   -1   -0.000051 -0.000645 -0.001195
   2    4   -2   -3    0    0.000051  0.000645 -0.001195
   2    4   -2    2   -1    0.000051 -0.000645  0.001195
   2    4   -2    2    0   -0.000051  0.000645  0.001195
   2    2   -1   -1   -3    0.000045 -0.000046 -0.000026
   2    2   -1   -1    3   -0.000045  0.000046 -0.000026
   2    2   -1    1   -3   -0.000045 -0.000046  0.000026
   2    2   -1    1    3    0.000045  0.000046  0.000026
   2    2    1   -1   -3    0.000045  0.000046  0.000026
   2    2    1   -1    3   -0.000045 -0.000046  0.000026
   2    2    1    1   -3   -0.000045  0.000046 -0.000026
   2    2    1    1    3    0.000045 -0.000046 -0.000026
   2    2   -3   -1   -1   -0.000094  0.000084 -0.000048
   2    2   -3   -1    1    0.000094 -0.000084 -0.000048
   2    2   -3    1   -1    0.000094  0.000084  0.000048
   2    2   -3    1    1   -0.000094 -0.000084  0.000048
   2    2   -1   -3   -1   -0.000013 -0.000062  0.000040
   2    2   -1   -3    1    0.000013  0.000062  0.000040
   2    2   -1    3   -1    0.000013 -0.000062 -0.000040
   2    2   -1    3    1   -0.000013  0.000062 -0.000040
   2    2    1   -3   -1   -0.000013  0.000062 -0.000040
   2    2    1   -3    1    0.000013 -0.000062 -0.000040
   2    2    1    3   -1    0.000013  0.000062  0.000040
   2    2    1    3    1   -0.000013 -0.000062  0.000040
   2    2    3   -1   -1   -0.000094 -0.000084  0.000048
   2    2    3   -1    1    0.000094  0.000084  0.000048
   2    2    3    1   -1    0.000094 -0.000084 -0.000048
   2    2    3    1    1   -0.000094  0.000084 -0.000048
   2    1   -1   -1   -3   -0.000037 -0.000097 -0.000058
   2    1   -1   -1    3    0.000037  0.000097 -0.000058
   2    1   -1    0   -3    0.000037 -0.000097  0.000058
   2    1   -1    0    3   -0.000037  0.000097  0.000058
   2    1    0   -2   -3   -0.000030 -0.000036 -0.000072
   2    1    0   -2    3    0.000030  0.000036 -0.000072
   2    1    0    1   -3    0.000030 -0.000036  0.000072
   2    1    0    1    3   -0.000030  0.000036  0.000072
   2    1    1   -2   -3   -0.000030  0.000036  0.000072
   2    1    1   -2    3    0.000030 -0.000036  0.000072
   2    1    1    1   -3    0.000030  0.000036 -0.000072
   2    1    1    1    3   -0.000030 -0.000036 -0.000072
   2    1    2   -1   -3   -0.000037  0.000097  0.000058
   2    1    2   -1    3    0.000037 -0.000097  0.000058
   2    1    2    0   -3    0.000037  0.000097 -0.000058
   2    1    2    0    3   -0.000037 -0.000097 -0.000058
   2    4   -3   -1   -2   -0.000034  0.000204  0.000140
   2    4   -3   -1    1    0.000034 -0.000204  0.000140
   2    4   -3    0   -2    0.000034  0.000204 -0.000140
   2    4   -3    0    1   -0.000034 -0.000204 -0.000140
   2    3    0   -3   -2    0.000156 -0.000078 -0.000089
   2    3    0   -3    1   -0.000156  0.000078 -0.000089
   2    3    0    3   -2   -0.000156 -0.000078  0.000089
   2    3    0    3    1    0.000156  0.000078  0.000089
   2    3    1   -3   -2    0.000156  0.000078  0.000089
   2    3    1   -3    1   -0.000156 -0.000078  0.000089
   2    3    1    3   -2   -0.000156  0.000078 -0.000089
   2    3    1    3    1    0.000156 -0.000078 -0.000089
   2    4    3   -1   -2   -0.000034 -0.000204 -0.000140
   2    4    3   -1    1    0.000034  0.000204 -0.000140
   2    4    3    0   -2    0.000034 -0.000204  0.000140
   2    4    3    0    1   -0.000034  0.000204  0.000140
   2    4   -3   -2   -1    0.000010  0.000349 -0.000399
   2    4   -3   -2    0   -0.000010 -0.000349 -0.000399
   2    4   -3    1   -1   -0.000010  0.000349  0.000399
   2    4   -3    1    0    0.000010 -0.000349  0.000399
   2    3   -1   -3   -1   -0.000078  0.000260  0.000460
   2    3   -1   -3    0    0.000078 -0.000260  0.000460
   2    3   -1    3   -1    0.000078  0.000260 -0.000460
   2    3   -1    3    0   -0.000078 -0.000260 -0.000460
   2    3    2   -3   -1   -0.000078 -0.000260 -0.000460
   2    3    2   -3    0    0.000078  0.000260 -0.000460
   2    3    2    3   -1    0.000078 -0.000260  0.000460
   2    3    2    3    0   -0.000078  0.000260  0.000460
   2    4    3   -2   -1    0.000010 -0.000349  0.000399
   2    4    3   -2    0   -0.000010  0.000349  0.000399
   2    4    3    1   -1   -0.000010 -0.000349 -0.000399
   2    4    3    1    0    0.000010  0.000349 -0.000399
   2    2   -2   -2   -2    0.000061  0.000002 -0.000010
   2    2   -2   -2    2   -0.000061 -0.000002 -0.000010
   2    2   -2    2   -2   -0.000061  0.000002  0.000010
   2    2   -2    2    2    0.000061 -0.000002  0.000010
   2    2    2   -2   -2    0.000061 -0.000002  0.000010
   2    2    2   -2    2   -0.000061  0.000002  0.000010
   2    2    2    2   -2   -0.000061 -0.000002 -0.000010
   2    2    2    2    2    0.000061  0.000002 -0.000010
   2    3    0    0   -4   -0.000000 -0.000552 -0.000000
   2    3    0    0    3    0.000000  0.000552 -0.000000
   2    3    1    0   -4   -0.000000  0.000552  0.000000
   2    3    1    0    3    0.000000 -0.000552  0.000000
   2    4    0   -1   -4   -0.000041 -0.000000 -0.000000
   2    4    0   -1    3    0.000041 -0.000000  0.000000
   2    4    0    0   -4    0.000041  0.000000 -0.000000
   2    4    0    0    3   -0.000041  0.000000  0.000000
   2    3   -2    0   -3    0.000000  0.000154  0.000000
   2    3   -2    0    2    0.000000 -0.000154  0.000000
   2    3    3    0   -3   -0.000000 -0.000154 -0.000000
   2    3    3    0    2   -0.000000  0.000154 -0.000000
   2    4    0   -3   -3   -0.000014 -0.000000 -0.000000
   2    4    0   -3    2    0.000014 -0.000000  0.000000
   2    4    0    2   -3    0.000014  0.000000 -0.000000
   2    4    0    2    2   -0.000014  0.000000  0.000000
   2    4    2   -2   -3    0.000096  0.000422  0.000014
   2    4    2   -2    2   -0.000096 -0.000422  0.000014
   2    4    2    1   -3   -0.000096  0.000422 -0.000014
   2    4    2    1    2    0.000096 -0.000422 -0.000014
   2    3   -1   -2   -3   -0.000019 -0.000131 -0.000080
   2    3   -1   -2    2    0.000019  0.000131 -0.000080
   2    3   -1    2   -3    0.000019 -0.000131  0.000080
   2    3   -1    2    2   -0.000019  0.000131  0.000080
   2    3    2   -2   -3   -0.000019  0.000131  0.000080
   2    3    2   -2    2    0.000019 -0.000131  0.000080
   2    3    2    2   -3    0.000019  0.000131 -0.000080
   2    3    2    2    2   -0.000019 -0.000131 -0.000080
   2    4   -2   -2   -3    0.000096 -0.000422 -0.000014
   2    4   -2   -2    2   -0.000096  0.000422 -0.000014
   2    4   -2    1   -3   -0.000096 -0.000422  0.000014
   2    4   -2    1    2    0.000096  0.000422  0.000014
   2    1   -2   -2   -2    0.000034  0.000002 -0.000024
   2    1   -2   -2    2   -0.000034 -0.000002 -0.000024
   2    1   -2    1   -2   -0.000034  0.000002  0.000024
   2    1   -2    1    2    0.000034 -0.000002  0.000024
   2    1   -1   -3   -2   -0.000025  0.000038 -0.000018
   2    1   -1   -3    2    0.000025 -0.000038 -0.000018
   2    1   -1    2   -2    0.000025  0.000038  0.000018
   2    1   -1    2    2   -0.000025 -0.000038  0.000018
   2    1    2   -3   -2   -0.000025 -0.000038  0.000018
   2    1    2   -3    2    0.000025  0.000038  0.000018
   2    1    2    2   -2    0.000025 -0.000038 -0.000018
   2    1    2    2    2   -0.000025  0.000038 -0.000018
   2    1    3   -2   -2    0.000034 -0.000002  0.000024
   2    1    3   -2    2   -0.000034  0.000002  0.000024
   2    1    3    1   -2   -0.000034 -0.000002 -0.000024
   2    1    3    1    2    0.000034  0.000002 -0.000024
   2    4    2   -3   -2   -0.000143  0.000058 -0.000005
   2    4    2   -3    1    0.000143 -0.000058 -0.000005
   2    4    2    2   -2    0.000143  0.000058  0.000005
   2    4    2    2    1   -0.000143 -0.000058  0.000005
   2    3   -2   -2   -2    0.000034 -0.000170  0.000038
   2    3   -2   -2    1   -0.000034  0.000170  0.000038
   2    3   -2    2   -2   -0.000034 -0.000170 -0.000038
   2    3   -2    2    1    0.000034  0.000170 -0.000038
   2    3    3   -2   -2    0.000034  0.000170 -0.000038
   2    3    3   -2    1   -0.000034 -0.000170 -0.000038
   2    3    3    2   -2   -0.000034  0.000170  0.000038
   2    3    3    2    1    0.000034 -0.000170  0.000038
   2    4   -2   -3   -2   -0.000143 -0.000058  0.000005
   2    4   -2   -3    1    0.000143  0.000058  0.000005
   2    4   -2    2   -2    0.000143 -0.000058 -0.000005
   2    4   -2    2    1   -0.000143  0.000058 -0.000005
   2    3   -3    0   -1   -0.000000  0.000165 -0.000000
   2    3   -3    0    0   -0.000000 -0.000165  0.000000
   2    3    4    0   -1    0.000000 -0.000165 -0.000000
   2    3    4    0    0    0.000000  0.000165  0.000000
   2    4    0   -4   -1   -0.000287  0.000000  0.000000
   2    4    0   -4    0    0.000287  0.000000 -0.000000
   2    4    0    3   -1    0.000287 -0.000000  0.000000
   2    4    0    3    0   -0.000287 -0.000000 -0.000000
   2    1   -2   -3    0    0.000000  0.000000 -0.000500
   2    1   -2    2    0    0.000000  0.000000  0.000500
   2    1    3   -3    0    0.000000  0.000000  0.000500
   2    1    3    2    0    0.000000 -0.000000 -0.000500
   2    1   -3   -1    0   -0.000000 -0.000000 -0.000070
   2    1   -3    0    0    0.000000  0.000000  0.000070
   2    1    0   -4    0    0.000000 -0.000000  0.000011
   2    1    0    3    0    0.000000  0.000000 -0.000011
   2    1    1   -4    0    0.000000  0.000000 -0.000011
   2    1    1    3    0    0.000000 -0.000000  0.000011
   2    1    4   -1    0    0.000000  0.000000  0.000070
   2    1    4    0    0   -0.000000 -0.000000 -0.000070
   2    2   -2    0   -3   -0.000000  0.000080 -0.000000
   2    2   -2    0    3   -0.000000 -0.000080  0.000000
   2    2    0   -2   -3   -0.000032  0.000000 -0.000000
   2    2    0   -2    3    0.000032  0.000000  0.000000
   2    2    0    2   -3    0.000032  0.000000  0.000000
   2    2    0    2    3   -0.000032  0.000000 -0.000000
   2    2    2    0   -3   -0.000000 -0.000080  0.000000
   2    2    2    0    3   -0.000000  0.000080 -0.000000
   2    2   -3    0   -2    0.000000 -0.000076  0.000000
   2    2   -3    0    2   -0.000000  0.000076  0.000000
   2    2    0   -3   -2    0.000101 -0.000000  0.000000
   2    2    0    3   -2   -0.000101  0.000000  0.000000
   2    2    0   -3    2   -0.000101  0.000000  0.000000
   2    2    0    3    2    0.000101 -0.000000  0.000000
   2    2    3    0   -2   -0.000000  0.000076  0.000000
   2    2    3    0    2    0.000000 -0.000076  0.000000
   2    2   -3   -2    0    0.000000 -0.000000  0.000022
   2    2   -3    2    0    0.000000  0.000000 -0.000022
   2    2   -2   -3    0    0.000000  0.000000 -0.000061
   2    2   -2    3    0    0.000000  0.000000  0.000061
   2    2    2   -3    0    0.000000  0.000000  0.000061
   2    2    2    3    0    0.000000  0.000000 -0.000061
   2    2    3   -2    0    0.000000  0.000000 -0.000022
   2    2    3    2    0    0.000000 -0.000000  0.000022
   2    3    0   -1   -4   -0.000029 -0.000116  0.000023
   2    3    0   -1    3    0.000029  0.000116  0.000023
   2    3    0    1   -4    0.000029 -0.000116 -0.000023
   2    3    0    1    3   -0.000029  0.000116 -0.000023
   2    3    1   -1   -4   -0.000029  0.000116 -0.000023
   2    3    1   -1    3    0.000029 -0.000116 -0.000023
   2    3    1    1   -4    0.000029  0.000116  0.000023
   2    3    1    1    3   -0.000029 -0.000116  0.000023
   2    4   -1   -1   -4   -0.000054  0.000258  0.000017
   2    4   -1   -1    3    0.000054 -0.000258  0.000017
   2    4   -1    0   -4    0.000054  0.000258 -0.000017
   2    4   -1    0    3   -0.000054 -0.000258 -0.000017
   2    4    1   -1   -4   -0.000054 -0.000258 -0.000017
   2    4    1   -1    3    0.000054  0.000258 -0.000017
   2    4    1    0   -4    0.000054 -0.000258  0.000017
   2    4    1    0    3   -0.000054  0.000258  0.000017
   2    1   -1   -2   -3    0.000019  0.000036  0.000005
   2    1   -1   -2    3   -0.000019 -0.000036  0.000005
   2    1   -1    1   -3   -0.000019  0.000036 -0.000005
   2    1   -1    1    3    0.000019 -0.000036 -0.000005
   2    1    2   -2   -3    0.000019 -0.000036 -0.000005
   2    1    2   -2    3   -0.000019  0.000036 -0.000005
   2    1    2    1   -3   -0.000019 -0.000036  0.000005
   2    1    2    1    3    0.000019  0.000036  0.000005
   2    3   -2   -1   -3    0.000000  0.000017  0.000048
   2    3   -2   -1    2   -0.000000 -0.000017  0.000048
   2    3   -2    1   -3   -0.000000  0.000017 -0.000048
   2    3   -2    1    2    0.000000 -0.000017 -0.000048
   2    3    3   -1   -3    0.000000 -0.000017 -0.000048
   2    3    3   -1    2   -0.000000  0.000017 -0.000048
   2    3    3    1   -3   -0.000000 -0.000017  0.000048
   2    3    3    1    2    0.000000  0.000017  0.000048
   2    4   -1   -3   -3   -0.000005 -0.000020 -0.000042
   2    4   -1   -3    2    0.000005  0.000020 -0.000042
   2    4   -1    2   -3    0.000005 -0.000020  0.000042
   2    4   -1    2    2   -0.000005  0.000020  0.000042
   2    4    1   -3   -3   -0.000005  0.000020  0.000042
   2    4    1   -3    2    0.000005 -0.000020  0.000042
   2    4    1    2   -3    0.000005  0.000020 -0.000042
   2    4    1    2    2   -0.000005 -0.000020 -0.000042
   2    3   -1   -3   -2    0.000074  0.000016 -0.000059
   2    3   -1   -3    1   -0.000074 -0.000016 -0.000059
   2    3   -1    3   -2   -0.000074  0.000016  0.000059
   2    3   -1    3    1    0.000074 -0.000016  0.000059
   2    3    2   -3   -2    0.000074 -0.000016  0.000059
   2    3    2   -3    1   -0.000074  0.000016  0.000059
   2    3    2    3   -2   -0.000074 -0.000016 -0.000059
   2    3    2    3    1    0.000074  0.000016 -0.000059
   2    4   -3   -2   -2    0.000038  0.000112  0.000067
   2    4   -3   -2    1   -0.000038 -0.000112  0.000067
   2    4   -3    1   -2   -0.000038  0.000112 -0.000067
   2    4   -3    1    1    0.000038 -0.000112 -0.000067
   2    4    3   -2   -2    0.000038 -0.000112 -0.000067
   2    4    3   -2    1   -0.000038  0.000112 -0.000067
   2    4    3    1   -2   -0.000038 -0.000112  0.000067
   2    4    3    1    1    0.000038  0.000112  0.000067
   2    1   -2   -3   -1    0.000049 -0.000026 -0.000114
   2    1   -2   -3    1   -0.000049  0.000026 -0.000114
   2    1   -2    2   -1   -0.000049 -0.000026  0.000114
   2    1   -2    2    1    0.000049  0.000026  0.000114
   2    1    3   -3   -1    0.000049  0.000026  0.000114
   2    1    3   -3    1   -0.000049 -0.000026  0.000114
   2    1    3    2   -1   -0.000049  0.000026 -0.000114
   2    1    3    2    1    0.000049 -0.000026 -0.000114
   2    1   -3   -1   -1   -0.000053  0.000058  0.000020
   2    1   -3   -1    1    0.000053 -0.000058  0.000020
   2    1   -3    0   -1    0.000053  0.000058 -0.000020
   2    1   -3    0    1   -0.000053 -0.000058 -0.000020
   2    1    0   -4   -1    0.000074 -0.000019  0.000008
   2    1    0   -4    1   -0.000074  0.000019  0.000008
   2    1    0    3   -1   -0.000074 -0.000019 -0.000008
   2    1    0    3    1    0.000074  0.000019 -0.000008
   2    1    1   -4   -1    0.000074  0.000019 -0.000008
   2    1    1   -4    1   -0.000074 -0.000019 -0.000008
   2    1    1    3   -1   -0.000074  0.000019  0.000008
   2    1    1    3    1    0.000074 -0.000019  0.000008
   2    1    4   -1   -1   -0.000053 -0.000058 -0.000020
   2    1    4   -1    1    0.000053  0.000058 -0.000020
   2    1    4    0   -1    0.000053 -0.000058  0.000020
   2    1    4    0    1   -0.000053  0.000058  0.000020
   2    3   -3   -1   -1    0.000030 -0.000177  0.000302
   2    3   -3   -1    0   -0.000030  0.000177  0.000302
   2    3   -3    1   -1   -0.000030 -0.000177 -0.000302
   2    3   -3    1    0    0.000030  0.000177 -0.000302
   2    3    4   -1   -1    0.000030  0.000177 -0.000302
   2    3    4   -1    0   -0.000030 -0.000177 -0.000302
   2    3    4    1   -1   -0.000030  0.000177  0.000302
   2    3    4    1    0    0.000030 -0.000177  0.000302
   2    4   -1   -4   -1   -0.000143  0.000054 -0.000350
   2    4   -1   -4    0    0.000143 -0.000054 -0.000350
   2    4   -1    3   -1    0.000143  0.000054  0.000350
   2    4   -1    3    0   -0.000143 -0.000054  0.000350
   2    4    1   -4   -1   -0.000143 -0.000054  0.000350
   2    4    1   -4    0    0.000143  0.000054  0.000350
   2    4    1    3   -1    0.000143 -0.000054 -0.000350
   2    4    1    3    0   -0.000143  0.000054 -0.000350
   2    2   -2   -1   -3    0.000074  0.000011 -0.000000
   2    2   -2   -1    3   -0.000074 -0.000011 -0.000000
   2    2   -2    1   -3   -0.000074  0.000011  0.000000
   2    2   -2    1    3    0.000074 -0.000011  0.000000
   2    2   -1   -2   -3    0.000098  0.000023  0.000012
   2    2   -1   -2    3   -0.000098 -0.000023  0.000012
   2    2   -1    2   -3   -0.000098  0.000023 -0.000012
   2    2   -1    2    3    0.000098 -0.000023 -0.000012
   2    2    1   -2   -3    0.000098 -0.000023 -0.000012
   2    2    1   -2    3   -0.000098  0.000023 -0.000012
   2    2    1    2   -3   -0.000098 -0.000023  0.000012
   2    2    1    2    3    0.000098  0.000023  0.000012
   2    2    2   -1   -3    0.000074 -0.000011  0.000000
   2    2    2   -1    3   -0.000074  0.000011  0.000000
   2    2    2    1   -3   -0.000074 -0.000011 -0.000000
   2    2    2    1    3    0.000074  0.000011 -0.000000
   2    2   -3   -1   -2   -0.000002  0.000004 -0.000012
   2    2   -3    1   -2    0.000002  0.000004  0.000012
   2    2   -3   -1    2    0.000002 -0.000004 -0.000012
   2    2   -3    1    2   -0.000002 -0.000004  0.000012
   2    2   -1   -3   -2   -0.000009 -0.000037  0.000008
   2    2   -1    3   -2    0.000009 -0.000037 -0.000008
   2    2    1   -3   -2   -0.000009  0.000037 -0.000008
   2    2    1    3   -2    0.000009  0.000037  0.000008
   2    2   -1   -3    2    0.000009  0.000037  0.000008
   2    2   -1    3    2   -0.000009  0.000037 -0.000008
   2    2    1   -3    2    0.000009 -0.000037 -0.000008
   2    2    1    3    2   -0.000009 -0.000037  0.000008
   2    2    3   -1   -2   -0.000002 -0.000004  0.000012
   2    2    3    1   -2    0.000002 -0.000004 -0.000012
   2    2    3   -1    2    0.000002  0.000004  0.000012
   2    2    3    1    2   -0.000002  0.000004 -0.000012
   2    2   -3   -2   -1   -0.000071 -0.000002  0.000070
   2    2   -3   -2    1    0.000071  0.000002  0.000070
   2    2   -3    2   -1    0.000071 -0.000002 -0.000070
   2    2   -3    2    1   -0.000071  0.000002 -0.000070
   2    2   -2   -3   -1   -0.000001 -0.000035 -0.000017
   2    2   -2   -3    1    0.000001  0.000035 -0.000017
   2    2   -2    3   -1    0.000001 -0.000035  0.000017
   2    2   -2    3    1   -0.000001  0.000035  0.000017
   2    2    2   -3   -1   -0.000001  0.000035  0.000017
   2    2    2   -3    1    0.000001 -0.000035  0.000017
   2    2    2    3   -1    0.000001  0.000035 -0.000017
   2    2    2    3    1   -0.000001 -0.000035 -0.000017
   2    2    3   -2   -1   -0.000071  0.000002 -0.000070
   2    2    3   -2    1    0.000071 -0.000002 -0.000070
   2    2    3    2   -1    0.000071  0.000002  0.000070
   2    2    3    2    1   -0.000071 -0.000002  0.000070
   2    3   -1    0   -4   -0.000000 -0.000109 -0.000000
   2    3   -1    0    3    0.000000  0.000109  0.000000
   2    3    2    0   -4   -0.000000  0.000109 -0.000000
   2    3    2    0    3    0.000000 -0.000109  0.000000
   2    4    0   -2   -4   -0.000029  0.000000  0.000000
   2    4    0   -2    3    0.000029  0.000000 -0.000000
   2    4    0    1   -4    0.000029 -0.000000  0.000000
   2    4    0    1    3   -0.000029 -0.000000 -0.000000
   2    3   -3    0   -2   -0.000000 -0.000110 -0.000000
   2    3   -3    0    1   -0.000000  0.000110  0.000000
   2    3    4    0   -2    0.000000  0.000110 -0.000000
   2    3    4    0    1    0.000000 -0.000110  0.000000
   2    4    0   -4   -2   -0.000083 -0.000000 -0.000000
   2    4    0   -4    1    0.000083 -0.000000  0.000000
   2    4    0    3   -2    0.000083  0.000000 -0.000000
   2    4    0    3    1   -0.000083  0.000000  0.000000
   2    1   -3   -2    0    0.000000 -0.000000 -0.000050
   2    1   -3    1    0    0.000000  0.000000  0.000050
   2    1   -1   -4    0    0.000000 -0.000000  0.000074
   2    1   -1    3    0    0.000000  0.000000 -0.000074
   2    1    2   -4    0    0.000000  0.000000 -0.000074
   2    1    2    3    0    0.000000 -0.000000  0.000074
   2    1    4   -2    0    0.000000  0.000000  0.000050
   2    1    4    1    0    0.000000 -0.000000 -0.000050
   2    3   -1   -1   -4    0.000025 -0.000010  0.000013
   2    3   -1   -1    3   -0.000025  0.000010  0.000013
   2    3   -1    1   -4   -0.000025 -0.000010 -0.000013
   2    3   -1    1    3    0.000025  0.000010 -0.000013
   2    3    2   -1   -4    0.000025  0.000010 -0.000013
   2    3    2   -1    3   -0.000025 -0.000010 -0.000013
   2    3    2    1   -4   -0.000025  0.000010  0.000013
   2    3    2    1    3    0.000025 -0.000010  0.000013
   2    4   -1   -2   -4   -0.000055  0.000083 -0.000037
   2    4   -1   -2    3    0.000055 -0.000083 -0.000037
   2    4   -1    1   -4    0.000055  0.000083  0.000037
   2    4   -1    1    3   -0.000055 -0.000083  0.000037
   2    4    1   -2   -4   -0.000055 -0.000083  0.000037
   2    4    1   -2    3    0.000055  0.000083  0.000037
   2    4    1    1   -4    0.000055 -0.000083 -0.000037
   2    4    1    1    3   -0.000055  0.000083 -0.000037
   2    1   -2   -1   -3   -0.000067  0.000059  0.000021
   2    1   -2   -1    3    0.000067 -0.000059  0.000021
   2    1   -2    0   -3    0.000067  0.000059 -0.000021
   2    1   -2    0    3   -0.000067 -0.000059 -0.000021
   2    1    0   -3   -3   -0.000006 -0.000014  0.000007
   2    1    0   -3    3    0.000006  0.000014  0.000007
   2    1    0    2   -3    0.000006 -0.000014 -0.000007
   2    1    0    2    3   -0.000006  0.000014 -0.000007
   2    1    1   -3   -3   -0.000006  0.000014 -0.000007
   2    1    1   -3    3    0.000006 -0.000014 -0.000007
   2    1    1    2   -3    0.000006  0.000014  0.000007
   2    1    1    2    3   -0.000006 -0.000014  0.000007
   2    1    3   -1   -3   -0.000067 -0.000059 -0.000021
   2    1    3   -1    3    0.000067  0.000059 -0.000021
   2    1    3    0   -3    0.000067 -0.000059  0.000021
   2    1    3    0    3   -0.000067  0.000059  0.000021
   2    4   -3   -1   -3    0.000024  0.000181  0.000058
   2    4   -3   -1    2   -0.000024 -0.000181  0.000058
   2    4   -3    0   -3   -0.000024  0.000181 -0.000058
   2    4   -3    0    2    0.000024 -0.000181 -0.000058
   2    3    0   -3   -3    0.000085 -0.000057 -0.000073
   2    3    0   -3    2   -0.000085  0.000057 -0.000073
   2    3    0    3   -3   -0.000085 -0.000057  0.000073
   2    3    0    3    2    0.000085  0.000057  0.000073
   2    3    1   -3   -3    0.000085  0.000057  0.000073
   2    3    1   -3    2   -0.000085 -0.000057  0.000073
   2    3    1    3   -3   -0.000085  0.000057 -0.000073
   2    3    1    3    2    0.000085 -0.000057 -0.000073
   2    4    3   -1   -3    0.000024 -0.000181 -0.000058
   2    4    3   -1    2   -0.000024  0.000181 -0.000058
   2    4    3    0   -3   -0.000024 -0.000181  0.000058
   2    4    3    0    2    0.000024  0.000181  0.000058
   2    3   -3   -1   -2   -0.000013 -0.000022 -0.000032
   2    3   -3   -1    1    0.000013  0.000022 -0.000032
   2    3   -3    1   -2    0.000013 -0.000022  0.000032
   2    3   -3    1    1   -0.000013  0.000022  0.000032
   2    3    4   -1   -2   -0.000013  0.000022  0.000032
   2    3    4   -1    1    0.000013 -0.000022  0.000032
   2    3    4    1   -2    0.000013  0.000022 -0.000032
   2    3    4    1    1   -0.000013 -0.000022 -0.000032
   2    4   -1   -4   -2   -0.000000  0.000039  0.000031
   2    4   -1   -4    1    0.000000 -0.000039  0.000031
   2    4   -1    3   -2    0.000000  0.000039 -0.000031
   2    4   -1    3    1   -0.000000 -0.000039 -0.000031
   2    4    1   -4   -2   -0.000000 -0.000039 -0.000031
   2    4    1   -4    1    0.000000  0.000039 -0.000031
   2    4    1    3   -2    0.000000 -0.000039  0.000031
   2    4    1    3    1   -0.000000  0.000039  0.000031
   2    1   -3   -2   -1    0.000000 -0.000021  0.000068
   2    1   -3   -2    1   -0.000000  0.000021  0.000068
   2    1   -3    1   -1   -0.000000 -0.000021 -0.000068
   2    1   -3    1    1    0.000000  0.000021 -0.000068
   2    1   -1   -4   -1   -0.000071 -0.000003 -0.000037
   2    1   -1   -4    1    0.000071  0.000003 -0.000037
   2    1   -1    3   -1    0.000071 -0.000003  0.000037
   2    1   -1    3    1   -0.000071  0.000003  0.000037
   2    1    2   -4   -1   -0.000071  0.000003  0.000037
   2    1    2   -4    1    0.000071 -0.000003  0.000037
   2    1    2    3   -1    0.000071  0.000003 -0.000037
   2    1    2    3    1   -0.000071 -0.000003 -0.000037
   2    1    4   -2   -1    0.000000  0.000021 -0.000068
   2    1    4   -2    1   -0.000000 -0.000021 -0.000068
   2    1    4    1   -1   -0.000000  0.000021  0.000068
   2    1    4    1    1    0.000000 -0.000021  0.000068
   2    4   -3   -3   -1    0.000073  0.000384 -0.000579
   2    4   -3   -3    0   -0.000073 -0.000384 -0.000579
   2    4   -3    2   -1   -0.000073  0.000384  0.000579
   2    4   -3    2    0    0.000073 -0.000384  0.000579
   2    3   -2   -3   -1   -0.000041  0.000249  0.000482
   2    3   -2   -3    0    0.000041 -0.000249  0.000482
   2    3   -2    3   -1    0.000041  0.000249 -0.000482
   2    3   -2    3    0   -0.000041 -0.000249 -0.000482
   2    3    3   -3   -1   -0.000041 -0.000249 -0.000482
   2    3    3   -3    0    0.000041  0.000249 -0.000482
   2    3    3    3   -1    0.000041 -0.000249  0.000482
   2    3    3    3    0   -0.000041  0.000249  0.000482
   2    4    3   -3   -1    0.000073 -0.000384  0.000579
   2    4    3   -3    0   -0.000073  0.000384  0.000579
   2    4    3    2   -1   -0.000073 -0.000384 -0.000579
   2    4    3    2    0    0.000073  0.000384 -0.000579
   2    2    0    0   -4    0.000000  0.000000 -0.000000
   2    2    0    0    4    0.000000  0.000000 -0.000000
   2    1    0   -1   -4    0.000026 -0.000014 -0.000114
   2    1    0   -1    4   -0.000026  0.000014 -0.000114
   2    1    0    0   -4   -0.000026 -0.000014  0.000114
   2    1    0    0    4    0.000026  0.000014  0.000114
   2    1    1   -1   -4    0.000026  0.000014  0.000114
   2    1    1   -1    4   -0.000026 -0.000014  0.000114
   2    1    1    0   -4   -0.000026  0.000014 -0.000114
   2    1    1    0    4    0.000026 -0.000014 -0.000114
   2    2   -4    0    0   -0.000000 -0.000000  0.000000
   2    2    0   -4    0    0.000000  0.000000 -0.000000
   2    2    0    4    0    0.000000  0.000000 -0.000000
   2    2    4    0    0   -0.000000 -0.000000  0.000000
