   4    1    0    0    0   -0.000000 -0.005090  0.000000
   4    1    1    0    0    0.000000  0.005090  0.000000
   4    2    0    0    0    0.043550  0.000000 -0.000000
   4    2    0    1    0   -0.043550 -0.000000  0.000000
   4    1    0    0    1   -0.000000  0.005090 -0.000000
   4    1    1    0    1    0.000000 -0.005090 -0.000000
   4    2    0    0    1   -0.043550  0.000000 -0.000000
   4    2    0    1    1    0.043550 -0.000000  0.000000
   4    3    0    0    0   -0.000000 -0.000000  0.000288
   4    3    0    1    0    0.000000 -0.000000 -0.000288
   4    3    1    0    0    0.000000 -0.000000 -0.000288
   4    3    1    1    0   -0.000000 -0.000000  0.000288
   4    4    0    0   -1   -0.000000 -0.000000 -0.000000
   4    4    0    0    1   -0.000000 -0.000000 -0.000000
   4    4   -1    0    0   -0.000000  0.000000  0.000000
   4    4    0   -1    0    0.000000 -0.000000 -0.000000
   4    4    0    1    0    0.000000 -0.000000 -0.000000
   4    4    1    0    0   -0.000000  0.000000  0.000000
   4    3    0    0   -1   -0.000837  0.004020  0.000283
   4    3    0    0    1    0.000837 -0.004020  0.000283
   4    3    0    1   -1    0.000837  0.004020 -0.000283
   4    3    0    1    1   -0.000837 -0.004020 -0.000283
   4    3    1    0   -1   -0.000837 -0.004020 -0.000283
   4    3    1    0    1    0.000837  0.004020 -0.000283
   4    3    1    1   -1    0.000837 -0.004020  0.000283
   4    3    1    1    1   -0.000837  0.004020  0.000283
   4    1    0   -1    0    0.002572 -0.000538 -0.005380
   4    1    0    1    0   -0.002572 -0.000538  0.005380
   4    1    1   -1    0    0.002572  0.000538  0.005380
   4    1    1    1    0   -0.002572  0.000538 -0.005380
   4    2   -1    0    0    0.003772  0.000662  0.001659
   4    2   -1    0    1   -0.003772 -0.000662  0.001659
   4    2   -1    1    0   -0.003772  0.000662 -0.001659
   4    2   -1    1    1    0.003772 -0.000662 -0.001659
   4    2    1    0    0    0.003772 -0.000662 -0.001659
   4    2    1    0    1   -0.003772  0.000662 -0.001659
   4    2    1    1    0   -0.003772 -0.000662  0.001659
   4    2    1    1    1    0.003772  0.000662  0.001659
   4    1    0   -1    1   -0.002572  0.000538 -0.005380
   4    1    0    1    1    0.002572  0.000538  0.005380
   4    1    1   -1    1   -0.002572 -0.000538  0.005380
   4    1    1    1    1    0.002572 -0.000538 -0.005380
   4    4   -1    0   -1   -0.000000  0.005094 -0.000000
   4    4   -1    0    1    0.000000 -0.005094 -0.000000
   4    4    0   -1   -1   -0.001307  0.000000  0.000000
   4    4    0   -1    1    0.001307 -0.000000  0.000000
   4    4    0    1   -1    0.001307 -0.000000  0.000000
   4    4    0    1    1   -0.001307  0.000000  0.000000
   4    4    1    0   -1    0.000000 -0.005094 -0.000000
   4    4    1    0    1   -0.000000  0.005094 -0.000000
   4    4   -1   -1    0    0.000000  0.000000  0.001154
   4    4   -1    1    0   -0.000000  0.000000 -0.001154
   4    4    1   -1    0   -0.000000  0.000000 -0.001154
   4    4    1    1    0    0.000000  0.000000  0.001154
   4    1    0    0   -1   -0.000000  0.000560 -0.000000
   4    1    1    0   -1    0.000000 -0.000560 -0.000000
   4    2    0    0   -1    0.005857  0.000000  0.000000
   4    2    0    1   -1   -0.005857 -0.000000  0.000000
   4    1    0    0    2   -0.000000 -0.000560  0.000000
   4    1    1    0    2    0.000000  0.000560  0.000000
   4    2    0    0    2   -0.005857  0.000000 -0.000000
   4    2    0    1    2    0.005857 -0.000000 -0.000000
   4    1   -1    0    0    0.000000  0.000821  0.000000
   4    1    2    0    0   -0.000000 -0.000821  0.000000
   4    2    0   -1    0    0.006716 -0.000000 -0.000000
   4    2    0    2    0   -0.006716  0.000000  0.000000
   4    1   -1    0    1    0.000000 -0.000821 -0.000000
   4    1    2    0    1   -0.000000  0.000821 -0.000000
   4    2    0   -1    1   -0.006716 -0.000000 -0.000000
   4    2    0    2    1    0.006716  0.000000  0.000000
   4    3   -1    0    0    0.000000  0.000000 -0.002692
   4    3   -1    1    0   -0.000000  0.000000  0.002692
   4    3    0   -1    0   -0.000000  0.000000  0.002546
   4    3    0    2    0    0.000000  0.000000 -0.002546
   4    3    1   -1    0    0.000000  0.000000 -0.002546
   4    3    1    2    0   -0.000000  0.000000  0.002546
   4    3    2    0    0   -0.000000  0.000000  0.002692
   4    3    2    1    0    0.000000  0.000000 -0.002692
   4    4   -1   -1   -1    0.000042  0.001815 -0.000128
   4    4   -1   -1    1   -0.000042 -0.001815 -0.000128
   4    4   -1    1   -1   -0.000042  0.001815  0.000128
   4    4   -1    1    1    0.000042 -0.001815  0.000128
   4    4    1   -1   -1    0.000042 -0.001815  0.000128
   4    4    1   -1    1   -0.000042  0.001815  0.000128
   4    4    1    1   -1   -0.000042 -0.001815 -0.000128
   4    4    1    1    1    0.000042  0.001815 -0.000128
   4    1    0   -1   -1   -0.005437 -0.000726 -0.001574
   4    1    0    1   -1    0.005437 -0.000726  0.001574
   4    1    1   -1   -1   -0.005437  0.000726  0.001574
   4    1    1    1   -1    0.005437  0.000726 -0.001574
   4    2   -1    0   -1    0.001632 -0.000577  0.001840
   4    2   -1    0    2   -0.001632  0.000577  0.001840
   4    2   -1    1   -1   -0.001632 -0.000577 -0.001840
   4    2   -1    1    2    0.001632  0.000577 -0.001840
   4    2    1    0   -1    0.001632  0.000577 -0.001840
   4    2    1    0    2   -0.001632 -0.000577 -0.001840
   4    2    1    1   -1   -0.001632  0.000577  0.001840
   4    2    1    1    2    0.001632 -0.000577  0.001840
   4    1    0   -1    2    0.005437  0.000726 -0.001574
   4    1    0    1    2   -0.005437  0.000726  0.001574
   4    1    1   -1    2    0.005437 -0.000726  0.001574
   4    1    1    1    2   -0.005437 -0.000726 -0.001574
   4    3   -1    0   -1    0.000681 -0.000216  0.000235
   4    3   -1    0    1   -0.000681  0.000216  0.000235
   4    3   -1    1   -1   -0.000681 -0.000216 -0.000235
   4    3   -1    1    1    0.000681  0.000216 -0.000235
   4    3    2    0   -1    0.000681  0.000216 -0.000235
   4    3    2    0    1   -0.000681 -0.000216 -0.000235
   4    3    2    1   -1   -0.000681  0.000216  0.000235
   4    3    2    1    1    0.000681 -0.000216  0.000235
   4    3    0   -1   -1    0.000215 -0.000546 -0.000113
   4    3    0   -1    1   -0.000215  0.000546 -0.000113
   4    3    0    2   -1   -0.000215 -0.000546  0.000113
   4    3    0    2    1    0.000215  0.000546  0.000113
   4    3    1   -1   -1    0.000215  0.000546  0.000113
   4    3    1   -1    1   -0.000215 -0.000546  0.000113
   4    3    1    2   -1   -0.000215  0.000546 -0.000113
   4    3    1    2    1    0.000215 -0.000546 -0.000113
   4    1   -1   -1    0   -0.002053 -0.000676 -0.000128
   4    1   -1    1    0    0.002053 -0.000676  0.000128
   4    1    2   -1    0   -0.002053  0.000676  0.000128
   4    1    2    1    0    0.002053  0.000676 -0.000128
   4    2   -1   -1    0    0.000596  0.000530  0.001496
   4    2   -1    2    0   -0.000596  0.000530 -0.001496
   4    2    1   -1    0    0.000596 -0.000530 -0.001496
   4    2    1    2    0   -0.000596 -0.000530  0.001496
   4    1   -1   -1    1    0.002053  0.000676 -0.000128
   4    1   -1    1    1   -0.002053  0.000676  0.000128
   4    1    2   -1    1    0.002053 -0.000676  0.000128
   4    1    2    1    1   -0.002053 -0.000676 -0.000128
   4    2   -1   -1    1   -0.000596 -0.000530  0.001496
   4    2   -1    2    1    0.000596 -0.000530 -0.001496
   4    2    1   -1    1   -0.000596  0.000530 -0.001496
   4    2    1    2    1    0.000596  0.000530  0.001496
   4    4    0    0   -2   -0.000000  0.000000 -0.000000
   4    4    0    0    2   -0.000000  0.000000 -0.000000
   4    4    0    2    0    0.000000 -0.000000 -0.000000
   4    4    2    0    0    0.000000  0.000000  0.000000
   4    4   -2    0    0    0.000000  0.000000  0.000000
   4    4    0   -2    0    0.000000 -0.000000 -0.000000
   4    3    0    0   -2   -0.000156  0.000754  0.000080
   4    3    0    0    2    0.000156 -0.000754  0.000080
   4    3    0    1   -2    0.000156  0.000754 -0.000080
   4    3    0    1    2   -0.000156 -0.000754 -0.000080
   4    3    1    0   -2   -0.000156 -0.000754 -0.000080
   4    3    1    0    2    0.000156  0.000754 -0.000080
   4    3    1    1   -2    0.000156 -0.000754  0.000080
   4    3    1    1    2   -0.000156  0.000754  0.000080
   4    1   -1    0   -1    0.000000  0.000843 -0.000000
   4    1    2    0   -1   -0.000000 -0.000843 -0.000000
   4    2    0   -1   -1    0.000963 -0.000000 -0.000000
   4    2    0    2   -1   -0.000963  0.000000  0.000000
   4    1   -1    0    2    0.000000 -0.000843  0.000000
   4    1    2    0    2   -0.000000  0.000843  0.000000
   4    2    0   -1    2   -0.000963 -0.000000 -0.000000
   4    2    0    2    2    0.000963  0.000000  0.000000
   4    2    2    0    0   -0.000081 -0.000223 -0.002656
   4    2    2    1    0    0.000081 -0.000223  0.002656
   4    1    0    2    0    0.001761 -0.000375  0.002826
   4    1    0    2    1   -0.001761  0.000375  0.002826
   4    1    1    2    0    0.001761  0.000375 -0.002826
   4    1    1    2    1   -0.001761 -0.000375 -0.002826
   4    2   -2    0    0   -0.000081  0.000223  0.002656
   4    2   -2    1    0    0.000081  0.000223 -0.002656
   4    2    2    0    1    0.000081  0.000223 -0.002656
   4    2    2    1    1   -0.000081  0.000223  0.002656
   4    1    0   -2    0   -0.001761 -0.000375 -0.002826
   4    1    0   -2    1    0.001761  0.000375 -0.002826
   4    1    1   -2    0   -0.001761  0.000375  0.002826
   4    1    1   -2    1    0.001761 -0.000375  0.002826
   4    2   -2    0    1    0.000081 -0.000223  0.002656
   4    2   -2    1    1   -0.000081 -0.000223 -0.002656
   4    3   -1   -1    0    0.000000 -0.000000  0.000057
   4    3   -1    2    0   -0.000000 -0.000000 -0.000057
   4    3    2   -1    0   -0.000000 -0.000000 -0.000057
   4    3    2    2    0    0.000000 -0.000000  0.000057
   4    4   -1    0   -2    0.000000 -0.002275  0.000000
   4    4   -1    0    2   -0.000000  0.002275  0.000000
   4    4    0   -1   -2    0.000247  0.000000 -0.000000
   4    4    0   -1    2   -0.000247 -0.000000 -0.000000
   4    4    0    1   -2   -0.000247 -0.000000 -0.000000
   4    4    0    1    2    0.000247  0.000000 -0.000000
   4    4    1    0   -2   -0.000000  0.002275  0.000000
   4    4    1    0    2    0.000000 -0.002275  0.000000
   4    4   -2    0   -1   -0.000000 -0.001500 -0.000000
   4    4   -2    0    1    0.000000  0.001500 -0.000000
   4    4    0   -2   -1   -0.001098  0.000000  0.000000
   4    4    0   -2    1    0.001098 -0.000000 -0.000000
   4    4    0    2   -1    0.001098 -0.000000 -0.000000
   4    4    0    2    1   -0.001098  0.000000  0.000000
   4    4    2    0   -1    0.000000  0.001500 -0.000000
   4    4    2    0    1   -0.000000 -0.001500 -0.000000
   4    4   -2   -1    0   -0.000000 -0.000000  0.001022
   4    4   -2    1    0    0.000000 -0.000000 -0.001022
   4    4   -1    2    0   -0.000000 -0.000000  0.001260
   4    4    1    2    0    0.000000  0.000000 -0.001260
   4    4    2   -1    0    0.000000 -0.000000 -0.001022
   4    4    2    1    0   -0.000000 -0.000000  0.001022
   4    4   -1   -2    0    0.000000  0.000000 -0.001260
   4    4    1   -2    0   -0.000000 -0.000000  0.001260
   4    1   -1   -1   -1    0.001123 -0.000463  0.000466
   4    1   -1   -1    2   -0.001123  0.000463  0.000466
   4    1   -1    1   -1   -0.001123 -0.000463 -0.000466
   4    1   -1    1    2    0.001123  0.000463 -0.000466
   4    1    2   -1   -1    0.001123  0.000463 -0.000466
   4    1    2   -1    2   -0.001123 -0.000463 -0.000466
   4    1    2    1   -1   -0.001123  0.000463  0.000466
   4    1    2    1    2    0.001123 -0.000463  0.000466
   4    2   -1   -1   -1    0.000815  0.000576 -0.000681
   4    2   -1   -1    2   -0.000815 -0.000576 -0.000681
   4    2   -1    2   -1   -0.000815  0.000576  0.000681
   4    2   -1    2    2    0.000815 -0.000576  0.000681
   4    2    1   -1   -1    0.000815 -0.000576  0.000681
   4    2    1   -1    2   -0.000815  0.000576  0.000681
   4    2    1    2   -1   -0.000815 -0.000576 -0.000681
   4    2    1    2    2    0.000815  0.000576 -0.000681
   4    3   -1   -1   -1    0.000010  0.000852  0.000024
   4    3   -1   -1    1   -0.000010 -0.000852  0.000024
   4    3   -1    2   -1   -0.000010  0.000852 -0.000024
   4    3   -1    2    1    0.000010 -0.000852 -0.000024
   4    3    2   -1   -1    0.000010 -0.000852 -0.000024
   4    3    2   -1    1   -0.000010  0.000852 -0.000024
   4    3    2    2   -1   -0.000010 -0.000852  0.000024
   4    3    2    2    1    0.000010  0.000852  0.000024
   4    4   -1   -1   -2   -0.000109 -0.000614  0.000037
   4    4   -1   -1    2    0.000109  0.000614  0.000037
   4    4   -1    1   -2    0.000109 -0.000614 -0.000037
   4    4   -1    1    2   -0.000109  0.000614 -0.000037
   4    4    1   -1   -2   -0.000109  0.000614 -0.000037
   4    4    1   -1    2    0.000109 -0.000614 -0.000037
   4    4    1    1   -2    0.000109  0.000614  0.000037
   4    4    1    1    2   -0.000109 -0.000614  0.000037
   4    4   -2   -1   -1    0.000037 -0.000545  0.000019
   4    4   -2   -1    1   -0.000037  0.000545  0.000019
   4    4   -2    1   -1   -0.000037 -0.000545 -0.000019
   4    4   -2    1    1    0.000037  0.000545 -0.000019
   4    4   -1   -2   -1    0.000063 -0.000463 -0.000182
   4    4   -1   -2    1   -0.000063  0.000463 -0.000182
   4    4   -1    2   -1   -0.000063 -0.000463  0.000182
   4    4   -1    2    1    0.000063  0.000463  0.000182
   4    4    1   -2   -1    0.000063  0.000463  0.000182
   4    4    1   -2    1   -0.000063 -0.000463  0.000182
   4    4    1    2   -1   -0.000063  0.000463 -0.000182
   4    4    1    2    1    0.000063 -0.000463 -0.000182
   4    4    2   -1   -1    0.000037  0.000545 -0.000019
   4    4    2   -1    1   -0.000037 -0.000545 -0.000019
   4    4    2    1   -1   -0.000037  0.000545  0.000019
   4    4    2    1    1    0.000037 -0.000545  0.000019
   4    1    0    0   -2   -0.000000  0.000254 -0.000000
   4    1    0    0    3   -0.000000 -0.000254  0.000000
   4    1    1    0   -2    0.000000 -0.000254 -0.000000
   4    1    1    0    3    0.000000  0.000254  0.000000
   4    2    0    0   -2    0.000714  0.000000  0.000000
   4    2    0    0    3   -0.000714 -0.000000 -0.000000
   4    2    0    1   -2   -0.000714  0.000000  0.000000
   4    2    0    1    3    0.000714 -0.000000 -0.000000
   4    3   -1    0   -2    0.000210  0.000816  0.000224
   4    3   -1    0    2   -0.000210 -0.000816  0.000224
   4    3   -1    1   -2   -0.000210  0.000816 -0.000224
   4    3   -1    1    2    0.000210 -0.000816 -0.000224
   4    3    0   -1   -2   -0.000282  0.000644 -0.000242
   4    3    0   -1    2    0.000282 -0.000644 -0.000242
   4    3    0    2   -2    0.000282  0.000644  0.000242
   4    3    0    2    2   -0.000282 -0.000644  0.000242
   4    3    1   -1   -2   -0.000282 -0.000644  0.000242
   4    3    1   -1    2    0.000282  0.000644  0.000242
   4    3    1    2   -2    0.000282 -0.000644 -0.000242
   4    3    1    2    2   -0.000282  0.000644 -0.000242
   4    3    2    0   -2    0.000210 -0.000816 -0.000224
   4    3    2    0    2   -0.000210  0.000816 -0.000224
   4    3    2    1   -2   -0.000210 -0.000816  0.000224
   4    3    2    1    2    0.000210  0.000816  0.000224
   4    1    0   -2   -1   -0.001305  0.000052  0.000380
   4    1    0    2   -1    0.001305  0.000052 -0.000380
   4    1    0    2    2   -0.001305 -0.000052 -0.000380
   4    1    1   -2   -1   -0.001305 -0.000052 -0.000380
   4    1    1    2   -1    0.001305 -0.000052  0.000380
   4    1    1    2    2   -0.001305  0.000052  0.000380
   4    2   -2    0   -1    0.000164  0.000003 -0.000284
   4    2   -2    0    2   -0.000164 -0.000003 -0.000284
   4    2   -2    1   -1   -0.000164  0.000003  0.000284
   4    2   -2    1    2    0.000164 -0.000003  0.000284
   4    2    2    0   -1    0.000164 -0.000003  0.000284
   4    2    2    0    2   -0.000164  0.000003  0.000284
   4    2    2    1   -1   -0.000164 -0.000003 -0.000284
   4    2    2    1    2    0.000164  0.000003 -0.000284
   4    1    0   -2    2    0.001305 -0.000052  0.000380
   4    1    1   -2    2    0.001305  0.000052 -0.000380
   4    1   -2    0    0    0.000000  0.000271  0.000000
   4    1   -2    0    1    0.000000 -0.000271 -0.000000
   4    1   -1    2    0   -0.000662  0.000092  0.002161
   4    1   -1    2    1    0.000662 -0.000092  0.002161
   4    1    2    2    0   -0.000662 -0.000092 -0.002161
   4    1    2    2    1    0.000662  0.000092 -0.002161
   4    1    3    0    0   -0.000000 -0.000271  0.000000
   4    1    3    0    1   -0.000000  0.000271 -0.000000
   4    2    0   -2    0    0.001409  0.000000 -0.000000
   4    2    0   -2    1   -0.001409  0.000000  0.000000
   4    2    0    3    0   -0.001409 -0.000000 -0.000000
   4    2    0    3    1    0.001409 -0.000000  0.000000
   4    2    2   -1    0    0.001255 -0.000132 -0.001686
   4    2    2   -1    1   -0.001255  0.000132 -0.001686
   4    2    2    2    0   -0.001255 -0.000132  0.001686
   4    2    2    2    1    0.001255  0.000132  0.001686
   4    1   -1   -2    0    0.000662  0.000092 -0.002161
   4    1   -1   -2    1   -0.000662 -0.000092 -0.002161
   4    1    2   -2    0    0.000662 -0.000092  0.002161
   4    1    2   -2    1   -0.000662  0.000092  0.002161
   4    2   -2   -1    0    0.001255  0.000132  0.001686
   4    2   -2   -1    1   -0.001255 -0.000132  0.001686
   4    2   -2    2    0   -0.001255  0.000132 -0.001686
   4    2   -2    2    1    0.001255 -0.000132 -0.001686
   4    3   -2    0    0   -0.000000  0.000000 -0.000155
   4    3   -2    1    0    0.000000 -0.000000  0.000155
   4    3    0   -2    0   -0.000000 -0.000000  0.000464
   4    3    0    3    0    0.000000  0.000000 -0.000464
   4    3    1   -2    0    0.000000  0.000000 -0.000464
   4    3    1    3    0   -0.000000 -0.000000  0.000464
   4    3    3    0    0    0.000000 -0.000000  0.000155
   4    3    3    1    0   -0.000000  0.000000 -0.000155
   4    1    0   -1   -2   -0.000870  0.000086  0.000293
   4    1    0   -1    3    0.000870 -0.000086  0.000293
   4    1    0    1   -2    0.000870  0.000086 -0.000293
   4    1    0    1    3   -0.000870 -0.000086 -0.000293
   4    1    1   -1   -2   -0.000870 -0.000086 -0.000293
   4    1    1   -1    3    0.000870  0.000086 -0.000293
   4    1    1    1   -2    0.000870 -0.000086  0.000293
   4    1    1    1    3   -0.000870  0.000086  0.000293
   4    2   -1    0   -2   -0.000376  0.000031 -0.000248
   4    2   -1    0    3    0.000376 -0.000031 -0.000248
   4    2   -1    1   -2    0.000376  0.000031  0.000248
   4    2   -1    1    3   -0.000376 -0.000031  0.000248
   4    2    1    0   -2   -0.000376 -0.000031  0.000248
   4    2    1    0    3    0.000376  0.000031  0.000248
   4    2    1    1   -2    0.000376 -0.000031 -0.000248
   4    2    1    1    3   -0.000376  0.000031 -0.000248
   4    3   -2    0   -1    0.000088  0.000080  0.000085
   4    3   -2    0    1   -0.000088 -0.000080  0.000085
   4    3   -2    1   -1   -0.000088  0.000080 -0.000085
   4    3   -2    1    1    0.000088 -0.000080 -0.000085
   4    3    0   -2   -1    0.000364  0.000509 -0.000029
   4    3    0   -2    1   -0.000364 -0.000509 -0.000029
   4    3    0    3   -1   -0.000364  0.000509  0.000029
   4    3    0    3    1    0.000364 -0.000509  0.000029
   4    3    1   -2   -1    0.000364 -0.000509  0.000029
   4    3    1   -2    1   -0.000364  0.000509  0.000029
   4    3    1    3   -1   -0.000364 -0.000509 -0.000029
   4    3    1    3    1    0.000364  0.000509 -0.000029
   4    3    3    0   -1    0.000088 -0.000080 -0.000085
   4    3    3    0    1   -0.000088  0.000080 -0.000085
   4    3    3    1   -1   -0.000088 -0.000080  0.000085
   4    3    3    1    1    0.000088  0.000080  0.000085
   4    1   -2   -1    0   -0.000046 -0.000022 -0.000918
   4    1   -2   -1    1    0.000046  0.000022 -0.000918
   4    1   -2    1    0    0.000046 -0.000022  0.000918
   4    1   -2    1    1   -0.000046  0.000022  0.000918
   4    1    3   -1    0   -0.000046  0.000022  0.000918
   4    1    3   -1    1    0.000046 -0.000022  0.000918
   4    1    3    1    0    0.000046  0.000022 -0.000918
   4    1    3    1    1   -0.000046 -0.000022 -0.000918
   4    2   -1   -2    0   -0.000213  0.000332  0.000854
   4    2   -1   -2    1    0.000213 -0.000332  0.000854
   4    2   -1    3    0    0.000213  0.000332 -0.000854
   4    2   -1    3    1   -0.000213 -0.000332 -0.000854
   4    2    1   -2    0   -0.000213 -0.000332 -0.000854
   4    2    1   -2    1    0.000213  0.000332 -0.000854
   4    2    1    3    0    0.000213 -0.000332  0.000854
   4    2    1    3    1   -0.000213  0.000332  0.000854
   4    4    0    2   -2    0.000144 -0.000000  0.000000
   4    4    0    2    2   -0.000144  0.000000  0.000000
   4    4    2    0   -2    0.000000  0.000084 -0.000000
   4    4    2    0    2   -0.000000 -0.000084 -0.000000
   4    4   -2    0   -2   -0.000000 -0.000084 -0.000000
   4    4   -2    0    2    0.000000  0.000084 -0.000000
   4    4    0   -2   -2   -0.000144  0.000000  0.000000
   4    4    0   -2    2    0.000144 -0.000000  0.000000
   4    4    2    2    0   -0.000000 -0.000000 -0.000270
   4    4   -2   -2    0   -0.000000 -0.000000 -0.000270
   4    4   -2    2    0    0.000000  0.000000  0.000270
   4    4    2   -2    0    0.000000  0.000000  0.000270
   4    1   -1    0   -2   -0.000000  0.000180  0.000000
   4    1   -1    0    3   -0.000000 -0.000180 -0.000000
   4    1    2    0   -2    0.000000 -0.000180  0.000000
   4    1    2    0    3    0.000000  0.000180 -0.000000
   4    2    0   -1   -2   -0.001126  0.000000 -0.000000
   4    2    0   -1    3    0.001126 -0.000000  0.000000
   4    2    0    2   -2    0.001126  0.000000 -0.000000
   4    2    0    2    3   -0.001126 -0.000000  0.000000
   4    3   -1   -1   -2   -0.000039  0.000088 -0.000041
   4    3   -1   -1    2    0.000039 -0.000088 -0.000041
   4    3   -1    2   -2    0.000039  0.000088  0.000041
   4    3   -1    2    2   -0.000039 -0.000088  0.000041
   4    3    2   -1   -2   -0.000039 -0.000088  0.000041
   4    3    2   -1    2    0.000039  0.000088  0.000041
   4    3    2    2   -2    0.000039 -0.000088 -0.000041
   4    3    2    2    2   -0.000039  0.000088 -0.000041
   4    1   -2    0   -1    0.000000 -0.000250  0.000000
   4    1   -2    0    2    0.000000  0.000250 -0.000000
   4    1   -1    2   -1    0.000110 -0.000247 -0.000181
   4    1   -1    2    2   -0.000110  0.000247 -0.000181
   4    1    2    2   -1    0.000110  0.000247  0.000181
   4    1    2    2    2   -0.000110 -0.000247  0.000181
   4    1    3    0   -1   -0.000000  0.000250  0.000000
   4    1    3    0    2   -0.000000 -0.000250 -0.000000
   4    2    0   -2   -1   -0.000090  0.000000  0.000000
   4    2    0   -2    2    0.000090  0.000000  0.000000
   4    2    0    3   -1    0.000090 -0.000000 -0.000000
   4    2    0    3    2   -0.000090 -0.000000 -0.000000
   4    2    2   -1   -1   -0.000228 -0.000138  0.000279
   4    2    2   -1    2    0.000228  0.000138  0.000279
   4    2    2    2   -1    0.000228 -0.000138 -0.000279
   4    2    2    2    2   -0.000228  0.000138 -0.000279
   4    1   -1   -2   -1   -0.000110 -0.000247  0.000181
   4    1   -1   -2    2    0.000110  0.000247  0.000181
   4    1    2   -2   -1   -0.000110  0.000247 -0.000181
   4    1    2   -2    2    0.000110 -0.000247 -0.000181
   4    2   -2   -1   -1   -0.000228  0.000138 -0.000279
   4    2   -2   -1    2    0.000228 -0.000138 -0.000279
   4    2   -2    2   -1    0.000228  0.000138  0.000279
   4    2   -2    2    2   -0.000228 -0.000138  0.000279
   4    3   -2   -1    0   -0.000000  0.000000  0.000160
   4    3   -2    2    0   -0.000000 -0.000000 -0.000160
   4    3   -1   -2    0    0.000000  0.000000  0.000160
   4    3   -1    3    0   -0.000000 -0.000000 -0.000160
   4    3    2   -2    0   -0.000000 -0.000000 -0.000160
   4    3    2    3    0    0.000000  0.000000  0.000160
   4    3    3   -1    0   -0.000000 -0.000000 -0.000160
   4    3    3    2    0   -0.000000  0.000000  0.000160
   4    4    0    0   -3   -0.000000  0.000000  0.000000
   4    4    0    0    3   -0.000000  0.000000  0.000000
   4    4   -2   -1   -2   -0.000281 -0.000362 -0.000253
   4    4   -2   -1    2    0.000281  0.000362 -0.000253
   4    4   -2    1   -2    0.000281 -0.000362  0.000253
   4    4   -2    1    2   -0.000281  0.000362  0.000253
   4    4   -1    2   -2    0.000015 -0.000138 -0.000250
   4    4   -1    2    2   -0.000015  0.000138 -0.000250
   4    4    1    2   -2    0.000015  0.000138  0.000250
   4    4    1    2    2   -0.000015 -0.000138  0.000250
   4    4    2   -1   -2   -0.000281  0.000362  0.000253
   4    4    2   -1    2    0.000281 -0.000362  0.000253
   4    4    2    1   -2    0.000281  0.000362 -0.000253
   4    4    2    1    2   -0.000281 -0.000362 -0.000253
   4    4   -1   -2   -2   -0.000015 -0.000138  0.000250
   4    4   -1   -2    2    0.000015  0.000138  0.000250
   4    4    1   -2   -2   -0.000015  0.000138 -0.000250
   4    4    1   -2    2    0.000015 -0.000138 -0.000250
   4    4    2    2   -1    0.000180  0.000079  0.000057
   4    4    2    2    1   -0.000180 -0.000079  0.000057
   4    4   -2   -2   -1   -0.000180 -0.000079  0.000057
   4    4   -2   -2    1    0.000180  0.000079  0.000057
   4    4   -2    2   -1    0.000180 -0.000079 -0.000057
   4    4   -2    2    1   -0.000180  0.000079 -0.000057
   4    4    2   -2   -1   -0.000180  0.000079 -0.000057
   4    4    2   -2    1    0.000180 -0.000079 -0.000057
   4    4   -3    0    0    0.000000 -0.000000 -0.000000
   4    4    0   -3    0    0.000000 -0.000000 -0.000000
   4    4    0    3    0    0.000000 -0.000000 -0.000000
   4    4    3    0    0    0.000000 -0.000000 -0.000000
   4    3    0    0   -3    0.000102 -0.000144  0.000002
   4    3    0    0    3   -0.000102  0.000144  0.000002
   4    3    0    1   -3   -0.000102 -0.000144 -0.000002
   4    3    0    1    3    0.000102  0.000144 -0.000002
   4    3    1    0   -3    0.000102  0.000144 -0.000002
   4    3    1    0    3   -0.000102 -0.000144 -0.000002
   4    3    1    1   -3   -0.000102  0.000144  0.000002
   4    3    1    1    3    0.000102 -0.000144  0.000002
   4    1   -1   -1   -2    0.000291  0.000008  0.000192
   4    1   -1   -1    3   -0.000291 -0.000008  0.000192
   4    1   -1    1   -2   -0.000291  0.000008 -0.000192
   4    1   -1    1    3    0.000291 -0.000008 -0.000192
   4    1    2   -1   -2    0.000291 -0.000008 -0.000192
   4    1    2   -1    3   -0.000291  0.000008 -0.000192
   4    1    2    1   -2   -0.000291 -0.000008  0.000192
   4    1    2    1    3    0.000291  0.000008  0.000192
   4    2   -1   -1   -2    0.000577 -0.000235 -0.000077
   4    2   -1   -1    3   -0.000577  0.000235 -0.000077
   4    2   -1    2   -2   -0.000577 -0.000235  0.000077
   4    2   -1    2    3    0.000577  0.000235  0.000077
   4    2    1   -1   -2    0.000577  0.000235  0.000077
   4    2    1   -1    3   -0.000577 -0.000235  0.000077
   4    2    1    2   -2   -0.000577  0.000235 -0.000077
   4    2    1    2    3    0.000577 -0.000235 -0.000077
   4    1   -2   -1   -1   -0.000044 -0.000160  0.000129
   4    1   -2   -1    2    0.000044  0.000160  0.000129
   4    1   -2    1   -1    0.000044 -0.000160 -0.000129
   4    1   -2    1    2   -0.000044  0.000160 -0.000129
   4    1    3   -1   -1   -0.000044  0.000160 -0.000129
   4    1    3   -1    2    0.000044 -0.000160 -0.000129
   4    1    3    1   -1    0.000044  0.000160  0.000129
   4    1    3    1    2   -0.000044 -0.000160  0.000129
   4    2   -1   -2   -1    0.000009 -0.000044 -0.000064
   4    2   -1   -2    2   -0.000009  0.000044 -0.000064
   4    2   -1    3   -1   -0.000009 -0.000044  0.000064
   4    2   -1    3    2    0.000009  0.000044  0.000064
   4    2    1   -2   -1    0.000009  0.000044  0.000064
   4    2    1   -2    2   -0.000009 -0.000044  0.000064
   4    2    1    3   -1   -0.000009  0.000044 -0.000064
   4    2    1    3    2    0.000009 -0.000044 -0.000064
   4    3   -2   -1   -1    0.000038 -0.000145  0.000107
   4    3   -2   -1    1   -0.000038  0.000145  0.000107
   4    3   -2    2   -1   -0.000038 -0.000145 -0.000107
   4    3   -2    2    1    0.000038  0.000145 -0.000107
   4    3   -1   -2   -1    0.000011  0.000454 -0.000042
   4    3   -1   -2    1   -0.000011 -0.000454 -0.000042
   4    3   -1    3   -1   -0.000011  0.000454  0.000042
   4    3   -1    3    1    0.000011 -0.000454  0.000042
   4    3    2   -2   -1    0.000011 -0.000454  0.000042
   4    3    2   -2    1   -0.000011  0.000454  0.000042
   4    3    2    3   -1   -0.000011 -0.000454 -0.000042
   4    3    2    3    1    0.000011  0.000454 -0.000042
   4    3    3   -1   -1    0.000038  0.000145 -0.000107
   4    3    3   -1    1   -0.000038 -0.000145 -0.000107
   4    3    3    2   -1   -0.000038  0.000145  0.000107
   4    3    3    2    1    0.000038 -0.000145  0.000107
   4    1    0   -3    0   -0.000167 -0.000142 -0.000397
   4    1    0   -3    1    0.000167  0.000142 -0.000397
   4    1    1   -3    0   -0.000167  0.000142  0.000397
   4    1    1   -3    1    0.000167 -0.000142  0.000397
   4    2   -3    0    0   -0.000105  0.000171  0.000366
   4    2   -3    0    1    0.000105 -0.000171  0.000366
   4    2   -3    1    0    0.000105  0.000171 -0.000366
   4    2   -3    1    1   -0.000105 -0.000171 -0.000366
   4    1    0    3    0    0.000167 -0.000142  0.000397
   4    1    0    3    1   -0.000167  0.000142  0.000397
   4    1    1    3    0    0.000167  0.000142 -0.000397
   4    1    1    3    1   -0.000167 -0.000142 -0.000397
   4    2    3    0    0   -0.000105 -0.000171 -0.000366
   4    2    3    0    1    0.000105  0.000171 -0.000366
   4    2    3    1    0    0.000105 -0.000171  0.000366
   4    2    3    1    1   -0.000105  0.000171  0.000366
   4    4   -1    0   -3   -0.000000  0.000062 -0.000000
   4    4   -1    0    3    0.000000 -0.000062 -0.000000
   4    4    0   -1   -3   -0.000061  0.000000  0.000000
   4    4    0   -1    3    0.000061 -0.000000  0.000000
   4    4    0    1   -3    0.000061 -0.000000  0.000000
   4    4    0    1    3   -0.000061  0.000000  0.000000
   4    4    1    0   -3    0.000000 -0.000062 -0.000000
   4    4    1    0    3   -0.000000  0.000062 -0.000000
   4    4   -3    0   -1    0.000000 -0.000198  0.000000
   4    4   -3    0    1   -0.000000  0.000198  0.000000
   4    4    0   -3   -1   -0.000133 -0.000000 -0.000000
   4    4    0   -3    1    0.000133  0.000000 -0.000000
   4    4    0    3   -1    0.000133  0.000000 -0.000000
   4    4    0    3    1   -0.000133 -0.000000 -0.000000
   4    4    3    0   -1   -0.000000  0.000198  0.000000
   4    4    3    0    1    0.000000 -0.000198  0.000000
   4    4   -3   -1    0    0.000000  0.000000 -0.000242
   4    4   -3    1    0   -0.000000  0.000000  0.000242
   4    4   -1   -3    0    0.000000  0.000000  0.000097
   4    4    1   -3    0   -0.000000  0.000000 -0.000097
   4    4   -1    3    0   -0.000000  0.000000 -0.000097
   4    4    1    3    0    0.000000  0.000000  0.000097
   4    4    3   -1    0   -0.000000  0.000000  0.000242
   4    4    3    1    0    0.000000  0.000000 -0.000242
   4    1    0    2   -2   -0.000400  0.000065 -0.000088
   4    1    0    2    3    0.000400 -0.000065 -0.000088
   4    1    1    2   -2   -0.000400 -0.000065  0.000088
   4    1    1    2    3    0.000400  0.000065  0.000088
   4    2    2    0   -2   -0.000299  0.000105  0.000149
   4    2    2    0    3    0.000299 -0.000105  0.000149
   4    2    2    1   -2    0.000299  0.000105 -0.000149
   4    2    2    1    3   -0.000299 -0.000105 -0.000149
   4    1    0   -2   -2    0.000400  0.000065  0.000088
   4    1    0   -2    3   -0.000400 -0.000065  0.000088
   4    1    1   -2   -2    0.000400 -0.000065 -0.000088
   4    1    1   -2    3   -0.000400  0.000065 -0.000088
   4    2   -2    0   -2   -0.000299 -0.000105 -0.000149
   4    2   -2    0    3    0.000299  0.000105 -0.000149
   4    2   -2    1   -2    0.000299 -0.000105  0.000149
   4    2   -2    1    3   -0.000299  0.000105  0.000149
   4    3   -2    0   -2    0.000033 -0.000186  0.000057
   4    3   -2    0    2   -0.000033  0.000186  0.000057
   4    3   -2    1   -2   -0.000033 -0.000186 -0.000057
   4    3   -2    1    2    0.000033  0.000186 -0.000057
   4    3    0   -2   -2    0.000044  0.000070 -0.000054
   4    3    0   -2    2   -0.000044 -0.000070 -0.000054
   4    3    0    3   -2   -0.000044  0.000070  0.000054
   4    3    0    3    2    0.000044 -0.000070  0.000054
   4    3    1   -2   -2    0.000044 -0.000070  0.000054
   4    3    1   -2    2   -0.000044  0.000070  0.000054
   4    3    1    3   -2   -0.000044 -0.000070 -0.000054
   4    3    1    3    2    0.000044  0.000070 -0.000054
   4    3    3    0   -2    0.000033  0.000186 -0.000057
   4    3    3    0    2   -0.000033 -0.000186 -0.000057
   4    3    3    1   -2   -0.000033  0.000186  0.000057
   4    3    3    1    2    0.000033 -0.000186  0.000057
   4    1   -2    2    0    0.000645 -0.000051  0.001195
   4    1   -2    2    1   -0.000645  0.000051  0.001195
   4    1    3    2    0    0.000645  0.000051 -0.001195
   4    1    3    2    1   -0.000645 -0.000051 -0.001195
   4    2    2   -2    0   -0.000805  0.000201 -0.001483
   4    2    2   -2    1    0.000805 -0.000201 -0.001483
   4    2    2    3    0    0.000805  0.000201  0.001483
   4    2    2    3    1   -0.000805 -0.000201  0.001483
   4    1   -2   -2    0   -0.000645 -0.000051 -0.001195
   4    1   -2   -2    1    0.000645  0.000051 -0.001195
   4    1    3   -2    0   -0.000645  0.000051  0.001195
   4    1    3   -2    1    0.000645 -0.000051  0.001195
   4    2   -2   -2    0   -0.000805 -0.000201  0.001483
   4    2   -2   -2    1    0.000805  0.000201  0.001483
   4    2   -2    3    0    0.000805 -0.000201 -0.001483
   4    2   -2    3    1   -0.000805  0.000201 -0.001483
   4    4   -1   -1   -3    0.000008 -0.000009 -0.000025
   4    4   -1   -1    3   -0.000008  0.000009 -0.000025
   4    4   -1    1   -3   -0.000008 -0.000009  0.000025
   4    4   -1    1    3    0.000008  0.000009  0.000025
   4    4    1   -1   -3    0.000008  0.000009  0.000025
   4    4    1   -1    3   -0.000008 -0.000009  0.000025
   4    4    1    1   -3   -0.000008  0.000009 -0.000025
   4    4    1    1    3    0.000008 -0.000009 -0.000025
   4    4   -3   -1   -1   -0.000093  0.000108 -0.000047
   4    4   -3   -1    1    0.000093 -0.000108 -0.000047
   4    4   -3    1   -1    0.000093  0.000108  0.000047
   4    4   -3    1    1   -0.000093 -0.000108  0.000047
   4    4   -1   -3   -1   -0.000035 -0.000354  0.000005
   4    4   -1   -3    1    0.000035  0.000354  0.000005
   4    4    1   -3   -1   -0.000035  0.000354 -0.000005
   4    4    1   -3    1    0.000035 -0.000354 -0.000005
   4    4   -1    3   -1    0.000035 -0.000354 -0.000005
   4    4   -1    3    1   -0.000035  0.000354 -0.000005
   4    4    1    3   -1    0.000035  0.000354  0.000005
   4    4    1    3    1   -0.000035 -0.000354  0.000005
   4    4    3   -1   -1   -0.000093 -0.000108  0.000047
   4    4    3   -1    1    0.000093  0.000108  0.000047
   4    4    3    1   -1    0.000093 -0.000108 -0.000047
   4    4    3    1    1   -0.000093  0.000108 -0.000047
   4    3   -1    0   -3   -0.000023 -0.000005 -0.000044
   4    3   -1    0    3    0.000023  0.000005 -0.000044
   4    3   -1    1   -3    0.000023 -0.000005  0.000044
   4    3   -1    1    3   -0.000023  0.000005  0.000044
   4    3    0   -1   -3    0.000101 -0.000048  0.000034
   4    3    0   -1    3   -0.000101  0.000048  0.000034
   4    3    0    2   -3   -0.000101 -0.000048 -0.000034
   4    3    0    2    3    0.000101  0.000048 -0.000034
   4    3    1   -1   -3    0.000101  0.000048 -0.000034
   4    3    1   -1    3   -0.000101 -0.000048 -0.000034
   4    3    1    2   -3   -0.000101  0.000048  0.000034
   4    3    1    2    3    0.000101 -0.000048  0.000034
   4    3    2    0   -3   -0.000023  0.000005  0.000044
   4    3    2    0    3    0.000023 -0.000005  0.000044
   4    3    2    1   -3    0.000023  0.000005 -0.000044
   4    3    2    1    3   -0.000023 -0.000005 -0.000044
   4    1    0   -3   -1    0.000204 -0.000034  0.000140
   4    1    0   -3    2   -0.000204  0.000034  0.000140
   4    1    1   -3   -1    0.000204  0.000034 -0.000140
   4    1    1   -3    2   -0.000204 -0.000034 -0.000140
   4    2   -3    0   -1   -0.000078  0.000156 -0.000089
   4    2   -3    0    2    0.000078 -0.000156 -0.000089
   4    2   -3    1   -1    0.000078  0.000156  0.000089
   4    2   -3    1    2   -0.000078 -0.000156  0.000089
   4    1    0    3   -1   -0.000204 -0.000034 -0.000140
   4    1    0    3    2    0.000204  0.000034 -0.000140
   4    1    1    3   -1   -0.000204  0.000034  0.000140
   4    1    1    3    2    0.000204 -0.000034  0.000140
   4    2    3    0   -1   -0.000078 -0.000156  0.000089
   4    2    3    0    2    0.000078  0.000156  0.000089
   4    2    3    1   -1    0.000078 -0.000156 -0.000089
   4    2    3    1    2   -0.000078  0.000156 -0.000089
   4    1   -1   -3    0    0.000349  0.000010 -0.000399
   4    1   -1   -3    1   -0.000349 -0.000010 -0.000399
   4    1    2   -3    0    0.000349 -0.000010  0.000399
   4    1    2   -3    1   -0.000349  0.000010  0.000399
   4    2   -3   -1    0    0.000260 -0.000078  0.000460
   4    2   -3   -1    1   -0.000260  0.000078  0.000460
   4    2   -3    2    0   -0.000260 -0.000078 -0.000460
   4    2   -3    2    1    0.000260  0.000078 -0.000460
   4    1   -1    3    0   -0.000349  0.000010  0.000399
   4    1   -1    3    1    0.000349 -0.000010  0.000399
   4    1    2    3    0   -0.000349 -0.000010 -0.000399
   4    1    2    3    1    0.000349  0.000010 -0.000399
   4    2    3   -1    0    0.000260  0.000078 -0.000460
   4    2    3   -1    1   -0.000260 -0.000078 -0.000460
   4    2    3    2    0   -0.000260  0.000078  0.000460
   4    2    3    2    1    0.000260 -0.000078  0.000460
   4    4   -2   -2   -2    0.000039  0.000299 -0.000004
   4    4   -2   -2    2   -0.000039 -0.000299 -0.000004
   4    4   -2    2   -2   -0.000039  0.000299  0.000004
   4    4   -2    2    2    0.000039 -0.000299  0.000004
   4    4    2   -2   -2    0.000039 -0.000299  0.000004
   4    4    2   -2    2   -0.000039  0.000299  0.000004
   4    4    2    2   -2   -0.000039 -0.000299 -0.000004
   4    4    2    2    2    0.000039  0.000299 -0.000004
   4    1    0    0   -3   -0.000000 -0.000041 -0.000000
   4    1    0    0    4   -0.000000  0.000041  0.000000
   4    1    1    0   -3    0.000000  0.000041 -0.000000
   4    1    1    0    4    0.000000 -0.000041  0.000000
   4    2    0    0   -3   -0.000552 -0.000000 -0.000000
   4    2    0    0    4    0.000552  0.000000 -0.000000
   4    2    0    1   -3    0.000552 -0.000000  0.000000
   4    2    0    1    4   -0.000552  0.000000  0.000000
   4    1   -2    0   -2   -0.000000 -0.000014 -0.000000
   4    1   -2    0    3   -0.000000  0.000014  0.000000
   4    1   -1    2   -2    0.000422  0.000096  0.000014
   4    1   -1    2    3   -0.000422 -0.000096  0.000014
   4    1    2    2   -2    0.000422 -0.000096 -0.000014
   4    1    2    2    3   -0.000422  0.000096 -0.000014
   4    1    3    0   -2    0.000000  0.000014 -0.000000
   4    1    3    0    3    0.000000 -0.000014  0.000000
   4    2    0   -2   -2    0.000154  0.000000  0.000000
   4    2    0   -2    3   -0.000154  0.000000  0.000000
   4    2    0    3   -2   -0.000154 -0.000000 -0.000000
   4    2    0    3    3    0.000154 -0.000000 -0.000000
   4    2    2   -1   -2   -0.000131  0.000019  0.000080
   4    2    2   -1    3    0.000131 -0.000019  0.000080
   4    2    2    2   -2    0.000131  0.000019 -0.000080
   4    2    2    2    3   -0.000131 -0.000019 -0.000080
   4    1   -1   -2   -2   -0.000422  0.000096 -0.000014
   4    1   -1   -2    3    0.000422 -0.000096 -0.000014
   4    1    2   -2   -2   -0.000422 -0.000096  0.000014
   4    1    2   -2    3    0.000422  0.000096  0.000014
   4    2   -2   -1   -2   -0.000131 -0.000019 -0.000080
   4    2   -2   -1    3    0.000131  0.000019 -0.000080
   4    2   -2    2   -2    0.000131 -0.000019  0.000080
   4    2   -2    2    3   -0.000131  0.000019  0.000080
   4    3   -2   -1   -2    0.000057 -0.000012  0.000010
   4    3   -2   -1    2   -0.000057  0.000012  0.000010
   4    3   -2    2   -2   -0.000057 -0.000012 -0.000010
   4    3   -2    2    2    0.000057  0.000012 -0.000010
   4    3   -1   -2   -2    0.000045 -0.000163 -0.000012
   4    3   -1   -2    2   -0.000045  0.000163 -0.000012
   4    3   -1    3   -2   -0.000045 -0.000163  0.000012
   4    3   -1    3    2    0.000045  0.000163  0.000012
   4    3    2   -2   -2    0.000045  0.000163  0.000012
   4    3    2   -2    2   -0.000045 -0.000163  0.000012
   4    3    2    3   -2   -0.000045  0.000163 -0.000012
   4    3    2    3    2    0.000045 -0.000163 -0.000012
   4    3    3   -1   -2    0.000057  0.000012 -0.000010
   4    3    3   -1    2   -0.000057 -0.000012 -0.000010
   4    3    3    2   -2   -0.000057  0.000012  0.000010
   4    3    3    2    2    0.000057 -0.000012  0.000010
   4    1   -2    2   -1    0.000058 -0.000143 -0.000005
   4    1   -2    2    2   -0.000058  0.000143 -0.000005
   4    1    3    2   -1    0.000058  0.000143  0.000005
   4    1    3    2    2   -0.000058 -0.000143  0.000005
   4    2    2   -2   -1   -0.000170 -0.000034 -0.000038
   4    2    2   -2    2    0.000170  0.000034 -0.000038
   4    2    2    3   -1    0.000170 -0.000034  0.000038
   4    2    2    3    2   -0.000170  0.000034  0.000038
   4    1   -2   -2   -1   -0.000058 -0.000143  0.000005
   4    1   -2   -2    2    0.000058  0.000143  0.000005
   4    1    3   -2   -1   -0.000058  0.000143 -0.000005
   4    1    3   -2    2    0.000058 -0.000143 -0.000005
   4    2   -2   -2   -1   -0.000170  0.000034  0.000038
   4    2   -2   -2    2    0.000170 -0.000034  0.000038
   4    2   -2    3   -1    0.000170  0.000034 -0.000038
   4    2   -2    3    2   -0.000170 -0.000034 -0.000038
   4    1   -3    0    0    0.000000 -0.000287  0.000000
   4    1   -3    0    1    0.000000  0.000287 -0.000000
   4    1    4    0    0   -0.000000  0.000287  0.000000
   4    1    4    0    1   -0.000000 -0.000287 -0.000000
   4    2    0   -3    0    0.000165 -0.000000 -0.000000
   4    2    0   -3    1   -0.000165 -0.000000  0.000000
   4    2    0    4    0   -0.000165  0.000000 -0.000000
   4    2    0    4    1    0.000165  0.000000  0.000000
   4    3   -2   -2    0    0.000000  0.000000  0.000058
   4    3   -2    3    0   -0.000000 -0.000000 -0.000058
   4    3    3   -2    0   -0.000000 -0.000000 -0.000058
   4    3    3    3    0    0.000000  0.000000  0.000058
   4    3   -3    0    0   -0.000000 -0.000000  0.000042
   4    3   -3    1    0    0.000000  0.000000 -0.000042
   4    3    0   -3    0   -0.000000  0.000000  0.000042
   4    3    0    4    0    0.000000 -0.000000 -0.000042
   4    3    1   -3    0    0.000000 -0.000000 -0.000042
   4    3    1    4    0   -0.000000  0.000000  0.000042
   4    3    4    0    0    0.000000  0.000000 -0.000042
   4    3    4    1    0   -0.000000 -0.000000  0.000042
   4    4   -2    0   -3    0.000000  0.000365  0.000000
   4    4   -2    0    3   -0.000000 -0.000365  0.000000
   4    4    0   -2   -3   -0.000008  0.000000 -0.000000
   4    4    0   -2    3    0.000008 -0.000000 -0.000000
   4    4    0    2   -3    0.000008 -0.000000 -0.000000
   4    4    0    2    3   -0.000008  0.000000 -0.000000
   4    4    2    0   -3   -0.000000 -0.000365  0.000000
   4    4    2    0    3    0.000000  0.000365  0.000000
   4    4   -3    0   -2   -0.000000  0.000564 -0.000000
   4    4   -3    0    2   -0.000000 -0.000564 -0.000000
   4    4    0   -3   -2    0.000094 -0.000000  0.000000
   4    4    0   -3    2   -0.000094  0.000000  0.000000
   4    4    0    3   -2   -0.000094  0.000000  0.000000
   4    4    0    3    2    0.000094 -0.000000  0.000000
   4    4    3    0   -2   -0.000000 -0.000564 -0.000000
   4    4    3    0    2   -0.000000  0.000564 -0.000000
   4    4   -3   -2    0   -0.000000  0.000000 -0.000296
   4    4   -3    2    0    0.000000  0.000000  0.000296
   4    4   -2   -3    0   -0.000000 -0.000000  0.000189
   4    4    2   -3    0    0.000000  0.000000 -0.000189
   4    4    2    3    0   -0.000000 -0.000000  0.000189
   4    4    3    2    0   -0.000000  0.000000 -0.000296
   4    4   -2    3    0    0.000000  0.000000 -0.000189
   4    4    3   -2    0    0.000000  0.000000  0.000296
   4    1    0   -1   -3    0.000258 -0.000054  0.000017
   4    1    0   -1    4   -0.000258  0.000054  0.000017
   4    1    0    1   -3   -0.000258 -0.000054 -0.000017
   4    1    0    1    4    0.000258  0.000054 -0.000017
   4    1    1   -1   -3    0.000258  0.000054 -0.000017
   4    1    1   -1    4   -0.000258 -0.000054 -0.000017
   4    1    1    1   -3   -0.000258  0.000054  0.000017
   4    1    1    1    4    0.000258 -0.000054  0.000017
   4    2   -1    0   -3   -0.000116 -0.000029  0.000023
   4    2   -1    0    4    0.000116  0.000029  0.000023
   4    2   -1    1   -3    0.000116 -0.000029 -0.000023
   4    2   -1    1    4   -0.000116  0.000029 -0.000023
   4    2    1    0   -3   -0.000116  0.000029 -0.000023
   4    2    1    0    4    0.000116 -0.000029 -0.000023
   4    2    1    1   -3    0.000116  0.000029  0.000023
   4    2    1    1    4   -0.000116 -0.000029  0.000023
   4    3   -1   -1   -3   -0.000015  0.000256 -0.000004
   4    3   -1   -1    3    0.000015 -0.000256 -0.000004
   4    3   -1    2   -3    0.000015  0.000256  0.000004
   4    3   -1    2    3   -0.000015 -0.000256  0.000004
   4    3    2   -1   -3   -0.000015 -0.000256  0.000004
   4    3    2   -1    3    0.000015  0.000256  0.000004
   4    3    2    2   -3    0.000015 -0.000256 -0.000004
   4    3    2    2    3   -0.000015  0.000256 -0.000004
   4    1   -2   -1   -2   -0.000020 -0.000005 -0.000042
   4    1   -2   -1    3    0.000020  0.000005 -0.000042
   4    1   -2    1   -2    0.000020 -0.000005  0.000042
   4    1   -2    1    3   -0.000020  0.000005  0.000042
   4    1    3   -1   -2   -0.000020  0.000005  0.000042
   4    1    3   -1    3    0.000020 -0.000005  0.000042
   4    1    3    1   -2    0.000020  0.000005 -0.000042
   4    1    3    1    3   -0.000020 -0.000005 -0.000042
   4    2   -1   -2   -2    0.000017  0.000000  0.000048
   4    2   -1   -2    3   -0.000017 -0.000000  0.000048
   4    2   -1    3   -2   -0.000017  0.000000 -0.000048
   4    2   -1    3    3    0.000017 -0.000000 -0.000048
   4    2    1   -2   -2    0.000017 -0.000000 -0.000048
   4    2    1   -2    3   -0.000017  0.000000 -0.000048
   4    2    1    3   -2   -0.000017 -0.000000  0.000048
   4    2    1    3    3    0.000017  0.000000  0.000048
   4    1   -1   -3   -1    0.000112  0.000038  0.000067
   4    1   -1   -3    2   -0.000112 -0.000038  0.000067
   4    1    2   -3   -1    0.000112 -0.000038 -0.000067
   4    1    2   -3    2   -0.000112  0.000038 -0.000067
   4    2   -3   -1   -1    0.000016  0.000074 -0.000059
   4    2   -3   -1    2   -0.000016 -0.000074 -0.000059
   4    2   -3    2   -1   -0.000016  0.000074  0.000059
   4    2   -3    2    2    0.000016 -0.000074  0.000059
   4    1   -1    3   -1   -0.000112  0.000038 -0.000067
   4    1   -1    3    2    0.000112 -0.000038 -0.000067
   4    1    2    3   -1   -0.000112 -0.000038  0.000067
   4    1    2    3    2    0.000112  0.000038  0.000067
   4    2    3   -1   -1    0.000016 -0.000074  0.000059
   4    2    3   -1    2   -0.000016  0.000074  0.000059
   4    2    3    2   -1   -0.000016 -0.000074 -0.000059
   4    2    3    2    2    0.000016  0.000074 -0.000059
   4    3   -2   -2   -1    0.000068 -0.000082 -0.000039
   4    3   -2   -2    1   -0.000068  0.000082 -0.000039
   4    3   -2    3   -1   -0.000068 -0.000082  0.000039
   4    3   -2    3    1    0.000068  0.000082  0.000039
   4    3    3   -2   -1    0.000068  0.000082  0.000039
   4    3    3   -2    1   -0.000068 -0.000082  0.000039
   4    3    3    3   -1   -0.000068  0.000082 -0.000039
   4    3    3    3    1    0.000068 -0.000082 -0.000039
   4    3   -3    0   -1    0.000024 -0.000083  0.000027
   4    3   -3    0    1   -0.000024  0.000083  0.000027
   4    3   -3    1   -1   -0.000024 -0.000083 -0.000027
   4    3   -3    1    1    0.000024  0.000083 -0.000027
   4    3    0   -3   -1    0.000035  0.000224 -0.000008
   4    3    0   -3    1   -0.000035 -0.000224 -0.000008
   4    3    0    4   -1   -0.000035  0.000224  0.000008
   4    3    0    4    1    0.000035 -0.000224  0.000008
   4    3    1   -3   -1    0.000035 -0.000224  0.000008
   4    3    1   -3    1   -0.000035  0.000224  0.000008
   4    3    1    4   -1   -0.000035 -0.000224 -0.000008
   4    3    1    4    1    0.000035  0.000224 -0.000008
   4    3    4    0   -1    0.000024  0.000083 -0.000027
   4    3    4    0    1   -0.000024 -0.000083 -0.000027
   4    3    4    1   -1   -0.000024  0.000083  0.000027
   4    3    4    1    1    0.000024 -0.000083  0.000027
   4    1   -3   -1    0    0.000054 -0.000143 -0.000350
   4    1   -3   -1    1   -0.000054  0.000143 -0.000350
   4    1   -3    1    0   -0.000054 -0.000143  0.000350
   4    1   -3    1    1    0.000054  0.000143  0.000350
   4    1    4   -1    0    0.000054  0.000143  0.000350
   4    1    4   -1    1   -0.000054 -0.000143  0.000350
   4    1    4    1    0   -0.000054  0.000143 -0.000350
   4    1    4    1    1    0.000054 -0.000143 -0.000350
   4    2   -1   -3    0   -0.000177  0.000030  0.000302
   4    2   -1   -3    1    0.000177 -0.000030  0.000302
   4    2   -1    4    0    0.000177  0.000030 -0.000302
   4    2   -1    4    1   -0.000177 -0.000030 -0.000302
   4    2    1   -3    0   -0.000177 -0.000030 -0.000302
   4    2    1   -3    1    0.000177  0.000030 -0.000302
   4    2    1    4    0    0.000177 -0.000030  0.000302
   4    2    1    4    1   -0.000177  0.000030  0.000302
   4    4   -2   -1   -3    0.000007  0.000138 -0.000042
   4    4   -2   -1    3   -0.000007 -0.000138 -0.000042
   4    4   -2    1   -3   -0.000007  0.000138  0.000042
   4    4   -2    1    3    0.000007 -0.000138  0.000042
   4    4   -1   -2   -3   -0.000026  0.000117  0.000016
   4    4   -1   -2    3    0.000026 -0.000117  0.000016
   4    4   -1    2   -3    0.000026  0.000117 -0.000016
   4    4   -1    2    3   -0.000026 -0.000117 -0.000016
   4    4    1   -2   -3   -0.000026 -0.000117 -0.000016
   4    4    1   -2    3    0.000026  0.000117 -0.000016
   4    4    1    2   -3    0.000026 -0.000117  0.000016
   4    4    1    2    3   -0.000026  0.000117  0.000016
   4    4    2   -1   -3    0.000007 -0.000138  0.000042
   4    4    2   -1    3   -0.000007  0.000138  0.000042
   4    4    2    1   -3   -0.000007 -0.000138 -0.000042
   4    4    2    1    3    0.000007  0.000138 -0.000042
   4    4   -3   -1   -2   -0.000041  0.000301 -0.000036
   4    4   -3   -1    2    0.000041 -0.000301 -0.000036
   4    4   -3    1   -2    0.000041  0.000301  0.000036
   4    4   -3    1    2   -0.000041 -0.000301  0.000036
   4    4   -1   -3   -2   -0.000024  0.000023  0.000040
   4    4   -1   -3    2    0.000024 -0.000023  0.000040
   4    4    1   -3   -2   -0.000024 -0.000023 -0.000040
   4    4    1   -3    2    0.000024  0.000023 -0.000040
   4    4   -1    3   -2    0.000024  0.000023 -0.000040
   4    4   -1    3    2   -0.000024 -0.000023 -0.000040
   4    4    1    3   -2    0.000024 -0.000023  0.000040
   4    4    1    3    2   -0.000024  0.000023  0.000040
   4    4    3   -1   -2   -0.000041 -0.000301  0.000036
   4    4    3   -1    2    0.000041  0.000301  0.000036
   4    4    3    1   -2    0.000041 -0.000301 -0.000036
   4    4    3    1    2   -0.000041  0.000301 -0.000036
   4    4   -3    2   -1   -0.000011 -0.000111  0.000029
   4    4   -3    2    1    0.000011  0.000111  0.000029
   4    4    2   -3   -1    0.000008  0.000093 -0.000006
   4    4    2   -3    1   -0.000008 -0.000093 -0.000006
   4    4   -3   -2   -1    0.000011 -0.000111 -0.000029
   4    4   -3   -2    1   -0.000011  0.000111 -0.000029
   4    4   -2   -3   -1    0.000008 -0.000093  0.000006
   4    4   -2   -3    1   -0.000008  0.000093  0.000006
   4    4    2    3   -1   -0.000008  0.000093  0.000006
   4    4    2    3    1    0.000008 -0.000093  0.000006
   4    4    3    2   -1   -0.000011  0.000111 -0.000029
   4    4    3    2    1    0.000011 -0.000111 -0.000029
   4    4   -2    3   -1   -0.000008 -0.000093 -0.000006
   4    4   -2    3    1    0.000008  0.000093 -0.000006
   4    4    3   -2   -1    0.000011  0.000111  0.000029
   4    4    3   -2    1   -0.000011 -0.000111  0.000029
   4    1   -1    0   -3    0.000000 -0.000029  0.000000
   4    1   -1    0    4    0.000000  0.000029 -0.000000
   4    1    2    0   -3   -0.000000  0.000029  0.000000
   4    1    2    0    4   -0.000000 -0.000029 -0.000000
   4    2    0   -1   -3   -0.000109 -0.000000 -0.000000
   4    2    0   -1    4    0.000109  0.000000  0.000000
   4    2    0    2   -3    0.000109 -0.000000 -0.000000
   4    2    0    2    4   -0.000109  0.000000  0.000000
   4    1   -3    0   -1   -0.000000 -0.000083 -0.000000
   4    1   -3    0    2   -0.000000  0.000083  0.000000
   4    1    4    0   -1    0.000000  0.000083 -0.000000
   4    1    4    0    2    0.000000 -0.000083  0.000000
   4    2    0   -3   -1   -0.000110 -0.000000 -0.000000
   4    2    0   -3    2    0.000110 -0.000000  0.000000
   4    2    0    4   -1    0.000110  0.000000 -0.000000
   4    2    0    4    2   -0.000110  0.000000  0.000000
   4    3   -3   -1    0    0.000000 -0.000000  0.000271
   4    3   -3    2    0    0.000000 -0.000000 -0.000271
   4    3   -1   -3    0    0.000000  0.000000 -0.000259
   4    3   -1    4    0   -0.000000 -0.000000  0.000259
   4    3    2   -3    0   -0.000000 -0.000000  0.000259
   4    3    2    4    0    0.000000  0.000000 -0.000259
   4    3    4   -1    0    0.000000 -0.000000 -0.000271
   4    3    4    2    0    0.000000 -0.000000  0.000271
   4    1   -1   -1   -3    0.000083 -0.000055 -0.000037
   4    1   -1   -1    4   -0.000083  0.000055 -0.000037
   4    1   -1    1   -3   -0.000083 -0.000055  0.000037
   4    1   -1    1    4    0.000083  0.000055  0.000037
   4    1    2   -1   -3    0.000083  0.000055  0.000037
   4    1    2   -1    4   -0.000083 -0.000055  0.000037
   4    1    2    1   -3   -0.000083  0.000055 -0.000037
   4    1    2    1    4    0.000083 -0.000055 -0.000037
   4    2   -1   -1   -3   -0.000010  0.000025  0.000013
   4    2   -1   -1    4    0.000010 -0.000025  0.000013
   4    2   -1    2   -3    0.000010  0.000025 -0.000013
   4    2   -1    2    4   -0.000010 -0.000025 -0.000013
   4    2    1   -1   -3   -0.000010 -0.000025 -0.000013
   4    2    1   -1    4    0.000010  0.000025 -0.000013
   4    2    1    2   -3    0.000010 -0.000025  0.000013
   4    2    1    2    4   -0.000010  0.000025  0.000013
   4    3   -2    0   -3   -0.000067 -0.000247 -0.000020
   4    3   -2    0    3    0.000067  0.000247 -0.000020
   4    3   -2    1   -3    0.000067 -0.000247  0.000020
   4    3   -2    1    3   -0.000067  0.000247  0.000020
   4    3    0   -2   -3    0.000065 -0.000020  0.000041
   4    3    0   -2    3   -0.000065  0.000020  0.000041
   4    3    0    3   -3   -0.000065 -0.000020 -0.000041
   4    3    0    3    3    0.000065  0.000020 -0.000041
   4    3    1   -2   -3    0.000065  0.000020 -0.000041
   4    3    1   -2    3   -0.000065 -0.000020 -0.000041
   4    3    1    3   -3   -0.000065  0.000020  0.000041
   4    3    1    3    3    0.000065 -0.000020  0.000041
   4    3    3    0   -3   -0.000067  0.000247  0.000020
   4    3    3    0    3    0.000067 -0.000247  0.000020
   4    3    3    1   -3    0.000067  0.000247 -0.000020
   4    3    3    1    3   -0.000067 -0.000247 -0.000020
   4    1    0   -3   -2    0.000181  0.000024  0.000058
   4    1    0   -3    3   -0.000181 -0.000024  0.000058
   4    1    1   -3   -2    0.000181 -0.000024 -0.000058
   4    1    1   -3    3   -0.000181  0.000024 -0.000058
   4    2   -3    0   -2   -0.000057  0.000085 -0.000073
   4    2   -3    0    3    0.000057 -0.000085 -0.000073
   4    2   -3    1   -2    0.000057  0.000085  0.000073
   4    2   -3    1    3   -0.000057 -0.000085  0.000073
   4    1    0    3   -2   -0.000181  0.000024 -0.000058
   4    1    0    3    3    0.000181 -0.000024 -0.000058
   4    1    1    3   -2   -0.000181 -0.000024  0.000058
   4    1    1    3    3    0.000181  0.000024  0.000058
   4    2    3    0   -2   -0.000057 -0.000085  0.000073
   4    2    3    0    3    0.000057  0.000085  0.000073
   4    2    3    1   -2    0.000057 -0.000085 -0.000073
   4    2    3    1    3   -0.000057  0.000085 -0.000073
   4    1   -3   -1   -1    0.000039 -0.000000  0.000031
   4    1   -3   -1    2   -0.000039  0.000000  0.000031
   4    1   -3    1   -1   -0.000039 -0.000000 -0.000031
   4    1   -3    1    2    0.000039  0.000000 -0.000031
   4    1    4   -1   -1    0.000039  0.000000 -0.000031
   4    1    4   -1    2   -0.000039 -0.000000 -0.000031
   4    1    4    1   -1   -0.000039  0.000000  0.000031
   4    1    4    1    2    0.000039 -0.000000  0.000031
   4    2   -1   -3   -1   -0.000022 -0.000013 -0.000032
   4    2   -1   -3    2    0.000022  0.000013 -0.000032
   4    2   -1    4   -1    0.000022 -0.000013  0.000032
   4    2   -1    4    2   -0.000022  0.000013  0.000032
   4    2    1   -3   -1   -0.000022  0.000013  0.000032
   4    2    1   -3    2    0.000022 -0.000013  0.000032
   4    2    1    4   -1    0.000022  0.000013 -0.000032
   4    2    1    4    2   -0.000022 -0.000013 -0.000032
   4    3   -3   -1   -1   -0.000014  0.000016  0.000027
   4    3   -3   -1    1    0.000014 -0.000016  0.000027
   4    3   -3    2   -1    0.000014  0.000016 -0.000027
   4    3   -3    2    1   -0.000014 -0.000016 -0.000027
   4    3   -1   -3   -1   -0.000041  0.000026  0.000002
   4    3   -1   -3    1    0.000041 -0.000026  0.000002
   4    3   -1    4   -1    0.000041  0.000026 -0.000002
   4    3   -1    4    1   -0.000041 -0.000026 -0.000002
   4    3    2   -3   -1   -0.000041 -0.000026 -0.000002
   4    3    2   -3    1    0.000041  0.000026 -0.000002
   4    3    2    4   -1    0.000041 -0.000026  0.000002
   4    3    2    4    1   -0.000041  0.000026  0.000002
   4    3    4   -1   -1   -0.000014 -0.000016 -0.000027
   4    3    4   -1    1    0.000014  0.000016 -0.000027
   4    3    4    2   -1    0.000014 -0.000016  0.000027
   4    3    4    2    1   -0.000014  0.000016  0.000027
   4    1   -2   -3    0    0.000384  0.000073 -0.000579
   4    1   -2   -3    1   -0.000384 -0.000073 -0.000579
   4    1    3   -3    0    0.000384 -0.000073  0.000579
   4    1    3   -3    1   -0.000384  0.000073  0.000579
   4    2   -3   -2    0    0.000249 -0.000041  0.000482
   4    2   -3   -2    1   -0.000249  0.000041  0.000482
   4    2   -3    3    0   -0.000249 -0.000041 -0.000482
   4    2   -3    3    1    0.000249  0.000041 -0.000482
   4    1   -2    3    0   -0.000384  0.000073  0.000579
   4    1   -2    3    1    0.000384 -0.000073  0.000579
   4    1    3    3    0   -0.000384 -0.000073 -0.000579
   4    1    3    3    1    0.000384  0.000073 -0.000579
   4    2    3   -2    0    0.000249  0.000041 -0.000482
   4    2    3   -2    1   -0.000249 -0.000041 -0.000482
   4    2    3    3    0   -0.000249  0.000041  0.000482
   4    2    3    3    1    0.000249 -0.000041  0.000482
   4    4    0    0   -4    0.000000 -0.000000 -0.000000
   4    4    0    0    4    0.000000 -0.000000 -0.000000
   4    3    0    0   -4    0.000015 -0.000033 -0.000015
   4    3    0    0    4   -0.000015  0.000033 -0.000015
   4    3    0    1   -4   -0.000015 -0.000033  0.000015
   4    3    0    1    4    0.000015  0.000033  0.000015
   4    3    1    0   -4    0.000015  0.000033  0.000015
   4    3    1    0    4   -0.000015 -0.000033  0.000015
   4    3    1    1   -4   -0.000015  0.000033 -0.000015
   4    3    1    1    4    0.000015 -0.000033 -0.000015
   4    4   -4    0    0    0.000000 -0.000000 -0.000000
   4    4    0   -4    0    0.000000  0.000000 -0.000000
   4    4    0    4    0    0.000000  0.000000 -0.000000
   4    4    4    0    0    0.000000 -0.000000 -0.000000
