   3    1    0   -1    0    0.024363  0.000000  0.000000
   3    1    0    0    0   -0.024363 -0.000000 -0.000000
   3    2   -1    0    0   -0.000000 -0.045040 -0.000000
   3    2    0    0    0    0.000000  0.045040 -0.000000
   3    1    0   -1    1   -0.024363  0.000000  0.000000
   3    1    0    0    1    0.024363 -0.000000 -0.000000
   3    2   -1    0    1   -0.000000  0.045040  0.000000
   3    2    0    0    1    0.000000 -0.045040  0.000000
   3    4   -1   -1    0    0.000000  0.000000 -0.000000
   3    4   -1    0    0    0.000000 -0.000000  0.000000
   3    4    0   -1    0   -0.000000  0.000000 -0.000000
   3    4    0    0    0   -0.000000 -0.000000  0.000000
   3    3    0    0   -1    0.000000  0.000000  0.000000
   3    3    0    0    1   -0.000000 -0.000000 -0.000000
   3    3   -1    0    0   -0.000000  0.000000 -0.000000
   3    3    0   -1    0    0.000000  0.000000  0.000000
   3    3    0    1    0   -0.000000 -0.000000 -0.000000
   3    3    1    0    0    0.000000 -0.000000  0.000000
   3    4   -1   -1   -1    0.000000 -0.000000 -0.000000
   3    4   -1   -1    1    0.000000 -0.000000  0.000000
   3    4   -1    0   -1    0.000000  0.000000 -0.000000
   3    4   -1    0    1    0.000000 -0.000000  0.000000
   3    4    0   -1   -1   -0.000000  0.000000 -0.000000
   3    4    0   -1    1   -0.000000 -0.000000  0.000000
   3    4    0    0   -1   -0.000000  0.000000 -0.000000
   3    4    0    0    1   -0.000000  0.000000  0.000000
   3    1   -1   -1    0    0.002669 -0.017639 -0.003418
   3    1   -1   -1    1   -0.002669  0.017639 -0.003418
   3    1   -1    0    0   -0.002669 -0.017639  0.003418
   3    1   -1    0    1    0.002669  0.017639  0.003418
   3    1    1   -1    0    0.002669  0.017639  0.003418
   3    1    1   -1    1   -0.002669 -0.017639  0.003418
   3    1    1    0    0   -0.002669  0.017639 -0.003418
   3    1    1    0    1    0.002669 -0.017639 -0.003418
   3    2   -1   -1    0    0.004626 -0.002114  0.004822
   3    2   -1    1    0   -0.004626 -0.002114 -0.004822
   3    2    0   -1    0    0.004626  0.002114 -0.004822
   3    2    0    1    0   -0.004626  0.002114  0.004822
   3    2   -1   -1    1   -0.004626  0.002114  0.004822
   3    2   -1    1    1    0.004626  0.002114 -0.004822
   3    2    0   -1    1   -0.004626 -0.002114 -0.004822
   3    2    0    1    1    0.004626 -0.002114  0.004822
   3    3   -1    0   -1   -0.000000  0.000000 -0.000000
   3    3   -1    0    1   -0.000000 -0.000000  0.000000
   3    3    0   -1   -1    0.000000  0.000000  0.000000
   3    3    0   -1    1    0.000000 -0.000000 -0.000000
   3    3    0    1   -1   -0.000000  0.000000  0.000000
   3    3    0    1    1   -0.000000 -0.000000 -0.000000
   3    3    1    0   -1    0.000000  0.000000 -0.000000
   3    3    1    0    1    0.000000 -0.000000  0.000000
   3    3   -1   -1    0    0.000000  0.000000  0.000000
   3    3   -1    1    0    0.000000  0.000000 -0.000000
   3    3    1   -1    0   -0.000000 -0.000000  0.000000
   3    3    1    1    0   -0.000000 -0.000000 -0.000000
   3    1    0   -1   -1    0.005641  0.000000 -0.000000
   3    1    0    0   -1   -0.005641  0.000000 -0.000000
   3    2   -1    0   -1   -0.000000 -0.006256  0.000000
   3    2    0    0   -1    0.000000  0.006256  0.000000
   3    1    0   -1    2   -0.005641 -0.000000  0.000000
   3    1    0    0    2    0.005641 -0.000000  0.000000
   3    2   -1    0    2   -0.000000  0.006256 -0.000000
   3    2    0    0    2    0.000000 -0.006256 -0.000000
   3    1    0   -2    0    0.006455  0.000000  0.000000
   3    1    0    1    0   -0.006455 -0.000000 -0.000000
   3    2   -2    0    0    0.000000 -0.013154 -0.000000
   3    2    1    0    0   -0.000000  0.013154 -0.000000
   3    1    0   -2    1   -0.006455  0.000000  0.000000
   3    1    0    1    1    0.006455 -0.000000 -0.000000
   3    2   -2    0    1    0.000000  0.013154  0.000000
   3    2    1    0    1   -0.000000 -0.013154  0.000000
   3    4   -2   -1    0   -0.000000 -0.000000 -0.000000
   3    4   -2    0    0    0.000000 -0.000000  0.000000
   3    4   -1   -2    0    0.000000 -0.000000  0.000000
   3    4   -1    1    0    0.000000  0.000000 -0.000000
   3    4    0   -2    0   -0.000000 -0.000000  0.000000
   3    4    0    1    0   -0.000000  0.000000 -0.000000
   3    4    1   -1    0   -0.000000  0.000000 -0.000000
   3    4    1    0    0    0.000000  0.000000  0.000000
   3    3   -1   -1   -1   -0.000000 -0.000000 -0.000000
   3    3   -1   -1    1    0.000000 -0.000000  0.000000
   3    3   -1    1   -1   -0.000000 -0.000000 -0.000000
   3    3   -1    1    1   -0.000000  0.000000  0.000000
   3    3    1   -1   -1    0.000000 -0.000000 -0.000000
   3    3    1   -1    1    0.000000  0.000000  0.000000
   3    3    1    1   -1   -0.000000  0.000000 -0.000000
   3    3    1    1    1    0.000000  0.000000  0.000000
   3    1   -1   -1   -1    0.001517  0.010378 -0.001839
   3    1   -1   -1    2   -0.001517 -0.010378 -0.001839
   3    1   -1    0   -1   -0.001517  0.010378  0.001839
   3    1   -1    0    2    0.001517 -0.010378  0.001839
   3    1    1   -1   -1    0.001517 -0.010378  0.001839
   3    1    1   -1    2   -0.001517  0.010378  0.001839
   3    1    1    0   -1   -0.001517 -0.010378 -0.001839
   3    1    1    0    2    0.001517  0.010378 -0.001839
   3    2   -1   -1   -1   -0.005432 -0.002505  0.001462
   3    2   -1    1   -1    0.005432 -0.002505 -0.001462
   3    2    0   -1   -1   -0.005432  0.002505 -0.001462
   3    2    0    1   -1    0.005432  0.002505  0.001462
   3    2   -1   -1    2    0.005432  0.002505  0.001462
   3    2   -1    1    2   -0.005432  0.002505 -0.001462
   3    2    0   -1    2    0.005432 -0.002505 -0.001462
   3    2    0    1    2   -0.005432 -0.002505  0.001462
   3    4   -2   -1   -1   -0.000000  0.000000 -0.000000
   3    4   -2   -1    1   -0.000000  0.000000  0.000000
   3    4   -2    0   -1    0.000000  0.000000  0.000000
   3    4   -2    0    1    0.000000  0.000000 -0.000000
   3    4    1   -1   -1   -0.000000 -0.000000  0.000000
   3    4    1   -1    1   -0.000000 -0.000000 -0.000000
   3    4    1    0   -1    0.000000 -0.000000 -0.000000
   3    4    1    0    1    0.000000 -0.000000  0.000000
   3    4   -1   -2   -1    0.000000  0.000000  0.000000
   3    4   -1   -2    1    0.000000  0.000000 -0.000000
   3    4   -1    1   -1    0.000000 -0.000000  0.000000
   3    4   -1    1    1    0.000000 -0.000000 -0.000000
   3    4    0   -2   -1   -0.000000  0.000000  0.000000
   3    4    0   -2    1   -0.000000  0.000000 -0.000000
   3    4    0    1   -1   -0.000000 -0.000000  0.000000
   3    4    0    1    1   -0.000000 -0.000000 -0.000000
   3    1   -1   -2    0    0.000266  0.002146 -0.001348
   3    1   -1    1    0   -0.000266  0.002146  0.001348
   3    1    1   -2    0    0.000266 -0.002146  0.001348
   3    1    1    1    0   -0.000266 -0.002146 -0.001348
   3    2   -2   -1    0   -0.001712 -0.000371  0.000324
   3    2   -2    1    0    0.001712 -0.000371 -0.000324
   3    2    1   -1    0   -0.001712  0.000371 -0.000324
   3    2    1    1    0    0.001712  0.000371  0.000324
   3    1   -1   -2    1   -0.000266 -0.002146 -0.001348
   3    1   -1    1    1    0.000266 -0.002146  0.001348
   3    1    1   -2    1   -0.000266  0.002146  0.001348
   3    1    1    1    1    0.000266  0.002146 -0.001348
   3    2   -2   -1    1    0.001712  0.000371  0.000324
   3    2   -2    1    1   -0.001712  0.000371 -0.000324
   3    2    1   -1    1    0.001712 -0.000371 -0.000324
   3    2    1    1    1   -0.001712 -0.000371  0.000324
   3    3    0    0   -2    0.000000 -0.000000 -0.000000
   3    3    0    0    2   -0.000000  0.000000  0.000000
   3    3   -2    0    0   -0.000000  0.000000  0.000000
   3    3    0   -2    0    0.000000  0.000000 -0.000000
   3    3    0    2    0   -0.000000 -0.000000  0.000000
   3    3    2    0    0    0.000000 -0.000000 -0.000000
   3    4   -1   -1   -2    0.000000 -0.000000 -0.000000
   3    4   -1   -1    2    0.000000 -0.000000  0.000000
   3    4   -1    0   -2    0.000000  0.000000 -0.000000
   3    4   -1    0    2    0.000000 -0.000000  0.000000
   3    4    0   -1   -2   -0.000000  0.000000 -0.000000
   3    4    0   -1    2   -0.000000 -0.000000  0.000000
   3    4    0    0   -2   -0.000000  0.000000 -0.000000
   3    4    0    0    2   -0.000000  0.000000  0.000000
   3    1    0   -2   -1    0.001047 -0.000000  0.000000
   3    1    0    1   -1   -0.001047 -0.000000 -0.000000
   3    2   -2    0   -1    0.000000 -0.001696  0.000000
   3    2    1    0   -1   -0.000000  0.001696  0.000000
   3    1    0   -2    2   -0.001047  0.000000  0.000000
   3    1    0    1    2    0.001047  0.000000 -0.000000
   3    2   -2    0    2    0.000000  0.001696 -0.000000
   3    2    1    0    2   -0.000000 -0.001696 -0.000000
   3    1   -2   -1    0   -0.000080  0.003204 -0.002592
   3    1   -2    0    0    0.000080  0.003204  0.002592
   3    1    2   -1    0   -0.000080 -0.003204  0.002592
   3    1    2    0    0    0.000080 -0.003204 -0.002592
   3    1   -2   -1    1    0.000080 -0.003204 -0.002592
   3    1   -2    0    1   -0.000080 -0.003204  0.002592
   3    1    2   -1    1    0.000080  0.003204  0.002592
   3    1    2    0    1   -0.000080  0.003204 -0.002592
   3    2   -1   -2    0   -0.001833  0.001233  0.002794
   3    2   -1   -2    1    0.001833 -0.001233  0.002794
   3    2   -1    2    0    0.001833  0.001233 -0.002794
   3    2   -1    2    1   -0.001833 -0.001233 -0.002794
   3    2    0   -2    0   -0.001833 -0.001233 -0.002794
   3    2    0   -2    1    0.001833  0.001233 -0.002794
   3    2    0    2    0    0.001833 -0.001233  0.002794
   3    2    0    2    1   -0.001833  0.001233  0.002794
   3    4   -2   -2    0   -0.000000 -0.000000 -0.000000
   3    4   -2    1    0   -0.000000 -0.000000  0.000000
   3    4    1   -2    0    0.000000  0.000000 -0.000000
   3    4    1    1    0    0.000000  0.000000  0.000000
   3    3   -1    0   -2    0.000000 -0.000000 -0.000000
   3    3   -1    0    2    0.000000 -0.000000  0.000000
   3    3    0   -1   -2   -0.000000 -0.000000  0.000000
   3    3    0   -1    2   -0.000000 -0.000000  0.000000
   3    3    0    1   -2    0.000000  0.000000 -0.000000
   3    3    0    1    2    0.000000  0.000000 -0.000000
   3    3    1    0   -2   -0.000000  0.000000 -0.000000
   3    3    1    0    2   -0.000000  0.000000  0.000000
   3    3   -2    0   -1   -0.000000  0.000000  0.000000
   3    3   -2    0    1   -0.000000  0.000000 -0.000000
   3    3    0   -2   -1    0.000000  0.000000  0.000000
   3    3    0   -2    1    0.000000  0.000000  0.000000
   3    3    0    2   -1   -0.000000 -0.000000 -0.000000
   3    3    0    2    1   -0.000000 -0.000000 -0.000000
   3    3    2    0   -1    0.000000 -0.000000  0.000000
   3    3    2    0    1    0.000000 -0.000000 -0.000000
   3    3   -2   -1    0    0.000000  0.000000  0.000000
   3    3   -2    1    0    0.000000  0.000000 -0.000000
   3    3    2   -1    0   -0.000000 -0.000000  0.000000
   3    3    2    1    0   -0.000000 -0.000000 -0.000000
   3    3   -1   -2    0   -0.000000  0.000000 -0.000000
   3    3   -1    2    0    0.000000 -0.000000  0.000000
   3    3    1   -2    0   -0.000000  0.000000 -0.000000
   3    3    1    2    0    0.000000 -0.000000  0.000000
   3    1   -1   -2   -1    0.000811 -0.001731  0.000709
   3    1   -1   -2    2   -0.000811  0.001731  0.000709
   3    1   -1    1   -1   -0.000811 -0.001731 -0.000709
   3    1   -1    1    2    0.000811  0.001731 -0.000709
   3    1    1   -2   -1    0.000811  0.001731 -0.000709
   3    1    1   -2    2   -0.000811 -0.001731 -0.000709
   3    1    1    1   -1   -0.000811  0.001731  0.000709
   3    1    1    1    2    0.000811 -0.001731  0.000709
   3    2   -2   -1   -1    0.001122 -0.001978 -0.000475
   3    2   -2   -1    2   -0.001122  0.001978 -0.000475
   3    2   -2    1   -1   -0.001122 -0.001978  0.000475
   3    2   -2    1    2    0.001122  0.001978  0.000475
   3    2    1   -1   -1    0.001122  0.001978  0.000475
   3    2    1   -1    2   -0.001122 -0.001978  0.000475
   3    2    1    1   -1   -0.001122  0.001978 -0.000475
   3    2    1    1    2    0.001122 -0.001978 -0.000475
   3    4   -2   -2   -1   -0.000000  0.000000  0.000000
   3    4   -2   -2    1   -0.000000  0.000000 -0.000000
   3    4   -2    1   -1   -0.000000  0.000000  0.000000
   3    4   -2    1    1   -0.000000 -0.000000 -0.000000
   3    4    1   -2   -1    0.000000  0.000000  0.000000
   3    4    1   -2    1    0.000000 -0.000000 -0.000000
   3    4    1    1   -1    0.000000 -0.000000  0.000000
   3    4    1    1    1    0.000000 -0.000000 -0.000000
   3    3   -1   -1   -2   -0.000000  0.000000 -0.000000
   3    3   -1   -1    2    0.000000 -0.000000  0.000000
   3    3   -1    1   -2   -0.000000  0.000000  0.000000
   3    3   -1    1    2   -0.000000 -0.000000  0.000000
   3    3    1   -1   -2    0.000000  0.000000 -0.000000
   3    3    1   -1    2    0.000000 -0.000000 -0.000000
   3    3    1    1   -2   -0.000000  0.000000 -0.000000
   3    3    1    1    2    0.000000 -0.000000  0.000000
   3    3   -2   -1   -1   -0.000000 -0.000000  0.000000
   3    3   -2   -1    1   -0.000000 -0.000000 -0.000000
   3    3   -2    1   -1    0.000000 -0.000000 -0.000000
   3    3   -2    1    1    0.000000 -0.000000  0.000000
   3    3   -1   -2   -1    0.000000 -0.000000  0.000000
   3    3   -1   -2    1    0.000000 -0.000000 -0.000000
   3    3   -1    2   -1    0.000000  0.000000 -0.000000
   3    3   -1    2    1    0.000000  0.000000 -0.000000
   3    3    1   -2   -1   -0.000000 -0.000000  0.000000
   3    3    1   -2    1   -0.000000 -0.000000  0.000000
   3    3    1    2   -1   -0.000000  0.000000  0.000000
   3    3    1    2    1   -0.000000  0.000000 -0.000000
   3    3    2   -1   -1   -0.000000  0.000000 -0.000000
   3    3    2   -1    1   -0.000000  0.000000  0.000000
   3    3    2    1   -1    0.000000  0.000000  0.000000
   3    3    2    1    1    0.000000  0.000000 -0.000000
   3    1    0   -1   -2    0.000786  0.000000 -0.000000
   3    1    0   -1    3   -0.000786 -0.000000  0.000000
   3    1    0    0   -2   -0.000786  0.000000 -0.000000
   3    1    0    0    3    0.000786 -0.000000  0.000000
   3    2   -1    0   -2   -0.000000 -0.001337  0.000000
   3    2   -1    0    3   -0.000000  0.001337 -0.000000
   3    2    0    0   -2    0.000000  0.001337  0.000000
   3    2    0    0    3    0.000000 -0.001337 -0.000000
   3    4   -2   -1   -2   -0.000000  0.000000 -0.000000
   3    4   -2   -1    2   -0.000000  0.000000  0.000000
   3    4   -2    0   -2    0.000000  0.000000  0.000000
   3    4   -2    0    2    0.000000  0.000000 -0.000000
   3    4   -1   -2   -2    0.000000  0.000000  0.000000
   3    4   -1   -2    2    0.000000  0.000000 -0.000000
   3    4   -1    1   -2    0.000000 -0.000000  0.000000
   3    4   -1    1    2    0.000000 -0.000000 -0.000000
   3    4    0   -2   -2   -0.000000  0.000000  0.000000
   3    4    0   -2    2   -0.000000  0.000000 -0.000000
   3    4    0    1   -2   -0.000000 -0.000000  0.000000
   3    4    0    1    2   -0.000000 -0.000000 -0.000000
   3    4    1   -1   -2   -0.000000 -0.000000  0.000000
   3    4    1   -1    2   -0.000000 -0.000000 -0.000000
   3    4    1    0   -2    0.000000 -0.000000 -0.000000
   3    4    1    0    2    0.000000 -0.000000  0.000000
   3    1   -2   -1   -1    0.000148  0.001910  0.000301
   3    1   -2   -1    2   -0.000148 -0.001910  0.000301
   3    1   -2    0   -1   -0.000148  0.001910 -0.000301
   3    1   -2    0    2    0.000148 -0.001910 -0.000301
   3    1    2   -1   -1    0.000148 -0.001910 -0.000301
   3    1    2   -1    2   -0.000148  0.001910 -0.000301
   3    1    2    0   -1   -0.000148 -0.001910  0.000301
   3    1    2    0    2    0.000148  0.001910  0.000301
   3    2   -1   -2   -1   -0.001310 -0.000428 -0.000369
   3    2   -1    2   -1    0.001310 -0.000428  0.000369
   3    2    0   -2   -1   -0.001310  0.000428  0.000369
   3    2    0    2   -1    0.001310  0.000428 -0.000369
   3    2   -1   -2    2    0.001310  0.000428 -0.000369
   3    2   -1    2    2   -0.001310  0.000428  0.000369
   3    2    0   -2    2    0.001310 -0.000428  0.000369
   3    2    0    2    2   -0.001310 -0.000428 -0.000369
   3    1    0   -3    0    0.001430  0.000000  0.000000
   3    1    0   -3    1   -0.001430  0.000000 -0.000000
   3    1    0    2    0   -0.001430 -0.000000  0.000000
   3    1    0    2    1    0.001430 -0.000000 -0.000000
   3    2   -3    0    0    0.000000 -0.001967 -0.000000
   3    2   -3    0    1    0.000000  0.001967  0.000000
   3    2    2    0    0   -0.000000  0.001967 -0.000000
   3    2    2    0    1   -0.000000 -0.001967  0.000000
   3    1   -2   -2    0    0.001245 -0.000533 -0.001658
   3    1   -2   -2    1   -0.001245  0.000533 -0.001658
   3    1   -2    1    0   -0.001245 -0.000533  0.001658
   3    1   -2    1    1    0.001245  0.000533  0.001658
   3    1    2   -2    0    0.001245  0.000533  0.001658
   3    1    2   -2    1   -0.001245 -0.000533  0.001658
   3    1    2    1    0   -0.001245  0.000533 -0.001658
   3    1    2    1    1    0.001245 -0.000533 -0.001658
   3    2   -2   -2    0    0.000683 -0.001956  0.002183
   3    2   -2   -2    1   -0.000683  0.001956  0.002183
   3    2   -2    2    0   -0.000683 -0.001956 -0.002183
   3    2   -2    2    1    0.000683  0.001956 -0.002183
   3    2    1   -2    0    0.000683  0.001956 -0.002183
   3    2    1   -2    1   -0.000683 -0.001956 -0.002183
   3    2    1    2    0   -0.000683  0.001956  0.002183
   3    2    1    2    1    0.000683 -0.001956  0.002183
   3    4   -3   -1    0   -0.000000 -0.000000 -0.000000
   3    4   -3    0    0    0.000000 -0.000000  0.000000
   3    4   -1   -3    0    0.000000 -0.000000  0.000000
   3    4   -1    2    0    0.000000  0.000000 -0.000000
   3    4    0   -3    0   -0.000000 -0.000000  0.000000
   3    4    0    2    0   -0.000000  0.000000 -0.000000
   3    4    2   -1    0   -0.000000  0.000000 -0.000000
   3    4    2    0    0    0.000000  0.000000  0.000000
   3    1   -1   -1   -2   -0.000400  0.001907  0.000244
   3    1   -1   -1    3    0.000400 -0.001907  0.000244
   3    1   -1    0   -2    0.000400  0.001907 -0.000244
   3    1   -1    0    3   -0.000400 -0.001907 -0.000244
   3    1    1   -1   -2   -0.000400 -0.001907 -0.000244
   3    1    1   -1    3    0.000400  0.001907 -0.000244
   3    1    1    0   -2    0.000400 -0.001907  0.000244
   3    1    1    0    3   -0.000400  0.001907  0.000244
   3    2   -1   -1   -2   -0.000856  0.000638 -0.000302
   3    2   -1   -1    3    0.000856 -0.000638 -0.000302
   3    2   -1    1   -2    0.000856  0.000638  0.000302
   3    2   -1    1    3   -0.000856 -0.000638  0.000302
   3    2    0   -1   -2   -0.000856 -0.000638  0.000302
   3    2    0   -1    3    0.000856  0.000638  0.000302
   3    2    0    1   -2    0.000856 -0.000638 -0.000302
   3    2    0    1    3   -0.000856  0.000638 -0.000302
   3    4   -3   -1   -1    0.000000 -0.000000 -0.000000
   3    4   -3   -1    1    0.000000 -0.000000  0.000000
   3    4   -3    0   -1    0.000000 -0.000000  0.000000
   3    4   -3    0    1    0.000000 -0.000000 -0.000000
   3    4   -1   -3   -1   -0.000000 -0.000000 -0.000000
   3    4   -1   -3    1   -0.000000 -0.000000 -0.000000
   3    4   -1    2   -1   -0.000000  0.000000 -0.000000
   3    4   -1    2    1   -0.000000  0.000000  0.000000
   3    4    0   -3   -1    0.000000 -0.000000 -0.000000
   3    4    0   -3    1    0.000000 -0.000000  0.000000
   3    4    0    2   -1    0.000000  0.000000  0.000000
   3    4    0    2    1    0.000000  0.000000  0.000000
   3    4    2   -1   -1   -0.000000  0.000000  0.000000
   3    4    2   -1    1   -0.000000  0.000000 -0.000000
   3    4    2    0   -1   -0.000000  0.000000 -0.000000
   3    4    2    0    1   -0.000000  0.000000  0.000000
   3    1   -1   -3    0   -0.000174 -0.000455 -0.000826
   3    1   -1   -3    1    0.000174  0.000455 -0.000826
   3    1   -1    2    0    0.000174 -0.000455  0.000826
   3    1   -1    2    1   -0.000174  0.000455  0.000826
   3    1    1   -3    0   -0.000174  0.000455  0.000826
   3    1    1   -3    1    0.000174 -0.000455  0.000826
   3    1    1    2    0    0.000174  0.000455 -0.000826
   3    1    1    2    1   -0.000174 -0.000455 -0.000826
   3    2   -3   -1    0   -0.000033  0.000608  0.000908
   3    2   -3   -1    1    0.000033 -0.000608  0.000908
   3    2   -3    1    0    0.000033  0.000608 -0.000908
   3    2   -3    1    1   -0.000033 -0.000608 -0.000908
   3    2    2   -1    0   -0.000033 -0.000608 -0.000908
   3    2    2   -1    1    0.000033  0.000608 -0.000908
   3    2    2    1    0    0.000033 -0.000608  0.000908
   3    2    2    1    1   -0.000033  0.000608  0.000908
   3    3   -2    0   -2   -0.000000 -0.000000 -0.000000
   3    3   -2    0    2   -0.000000  0.000000  0.000000
   3    3    0   -2   -2    0.000000 -0.000000 -0.000000
   3    3    0   -2    2    0.000000  0.000000  0.000000
   3    3    0    2   -2   -0.000000 -0.000000 -0.000000
   3    3    0    2    2   -0.000000  0.000000  0.000000
   3    3    2    0   -2    0.000000 -0.000000 -0.000000
   3    3    2    0    2    0.000000  0.000000  0.000000
   3    3   -2   -2    0   -0.000000 -0.000000 -0.000000
   3    3   -2    2    0    0.000000 -0.000000  0.000000
   3    3    2   -2    0   -0.000000  0.000000 -0.000000
   3    3    2    2    0    0.000000  0.000000  0.000000
   3    1    0   -2   -2   -0.001140 -0.000000  0.000000
   3    1    0   -2    3    0.001140 -0.000000 -0.000000
   3    1    0    1   -2    0.001140  0.000000  0.000000
   3    1    0    1    3   -0.001140  0.000000 -0.000000
   3    2   -2    0   -2   -0.000000  0.001872 -0.000000
   3    2   -2    0    3   -0.000000 -0.001872  0.000000
   3    2    1    0   -2    0.000000 -0.001872 -0.000000
   3    2    1    0    3    0.000000  0.001872  0.000000
   3    4   -2   -2   -2   -0.000000 -0.000000 -0.000000
   3    4   -2   -2    2   -0.000000  0.000000 -0.000000
   3    4   -2    1   -2   -0.000000 -0.000000  0.000000
   3    4   -2    1    2   -0.000000  0.000000  0.000000
   3    4    1   -2   -2    0.000000 -0.000000 -0.000000
   3    4    1   -2    2    0.000000  0.000000 -0.000000
   3    4    1    1   -2    0.000000 -0.000000  0.000000
   3    4    1    1    2    0.000000  0.000000  0.000000
   3    1    0   -3   -1   -0.000090  0.000000 -0.000000
   3    1    0   -3    2    0.000090  0.000000 -0.000000
   3    1    0    2   -1    0.000090 -0.000000  0.000000
   3    1    0    2    2   -0.000090 -0.000000  0.000000
   3    2   -3    0   -1    0.000000  0.000536 -0.000000
   3    2   -3    0    2    0.000000 -0.000536  0.000000
   3    2    2    0   -1   -0.000000 -0.000536 -0.000000
   3    2    2    0    2   -0.000000  0.000536  0.000000
   3    1   -2   -2   -1   -0.000226  0.000462  0.000280
   3    1   -2   -2    2    0.000226 -0.000462  0.000280
   3    1   -2    1   -1    0.000226  0.000462 -0.000280
   3    1   -2    1    2   -0.000226 -0.000462 -0.000280
   3    1    2   -2   -1   -0.000226 -0.000462 -0.000280
   3    1    2   -2    2    0.000226  0.000462 -0.000280
   3    1    2    1   -1    0.000226 -0.000462  0.000280
   3    1    2    1    2   -0.000226  0.000462  0.000280
   3    2   -2   -2   -1   -0.000108  0.000394 -0.000201
   3    2   -2   -2    2    0.000108 -0.000394 -0.000201
   3    2   -2    2   -1    0.000108  0.000394  0.000201
   3    2   -2    2    2   -0.000108 -0.000394  0.000201
   3    2    1   -2   -1   -0.000108 -0.000394  0.000201
   3    2    1   -2    2    0.000108  0.000394  0.000201
   3    2    1    2   -1    0.000108 -0.000394 -0.000201
   3    2    1    2    2   -0.000108  0.000394 -0.000201
   3    4   -3   -2    0   -0.000000 -0.000000  0.000000
   3    4   -3    1    0   -0.000000  0.000000 -0.000000
   3    4   -2   -3    0    0.000000 -0.000000  0.000000
   3    4   -2    2    0   -0.000000 -0.000000 -0.000000
   3    4    1   -3    0    0.000000  0.000000  0.000000
   3    4    1    2    0   -0.000000  0.000000 -0.000000
   3    4    2   -2    0    0.000000 -0.000000  0.000000
   3    4    2    1    0    0.000000  0.000000 -0.000000
   3    3    0    0   -3   -0.000000  0.000000 -0.000000
   3    3    0    0    3    0.000000 -0.000000  0.000000
   3    3   -2   -1   -2    0.000000  0.000000  0.000000
   3    3   -2   -1    2   -0.000000 -0.000000  0.000000
   3    3   -2    1   -2   -0.000000  0.000000 -0.000000
   3    3   -2    1    2    0.000000 -0.000000  0.000000
   3    3    2   -1   -2   -0.000000  0.000000 -0.000000
   3    3    2   -1    2    0.000000 -0.000000  0.000000
   3    3    2    1   -2    0.000000  0.000000 -0.000000
   3    3    2    1    2   -0.000000 -0.000000 -0.000000
   3    3   -1   -2   -2   -0.000000  0.000000  0.000000
   3    3   -1   -2    2    0.000000 -0.000000 -0.000000
   3    3   -1    2   -2   -0.000000  0.000000  0.000000
   3    3   -1    2    2   -0.000000 -0.000000 -0.000000
   3    3    1   -2   -2    0.000000  0.000000  0.000000
   3    3    1   -2    2    0.000000 -0.000000 -0.000000
   3    3    1    2   -2   -0.000000  0.000000  0.000000
   3    3    1    2    2    0.000000 -0.000000 -0.000000
   3    3   -2   -2   -1    0.000000  0.000000  0.000000
   3    3   -2   -2    1   -0.000000  0.000000 -0.000000
   3    3   -2    2   -1    0.000000 -0.000000  0.000000
   3    3   -2    2    1    0.000000 -0.000000 -0.000000
   3    3    2   -2   -1   -0.000000  0.000000  0.000000
   3    3    2   -2    1   -0.000000  0.000000 -0.000000
   3    3    2    2   -1    0.000000 -0.000000  0.000000
   3    3    2    2    1   -0.000000 -0.000000 -0.000000
   3    3   -3    0    0   -0.000000  0.000000  0.000000
   3    3    0   -3    0    0.000000  0.000000 -0.000000
   3    3    0    3    0   -0.000000 -0.000000  0.000000
   3    3    3    0    0    0.000000 -0.000000 -0.000000
   3    4   -1   -1   -3    0.000000  0.000000 -0.000000
   3    4   -1   -1    3    0.000000  0.000000  0.000000
   3    4   -1    0   -3    0.000000  0.000000  0.000000
   3    4   -1    0    3    0.000000 -0.000000 -0.000000
   3    4    0   -1   -3   -0.000000  0.000000  0.000000
   3    4    0   -1    3   -0.000000 -0.000000 -0.000000
   3    4    0    0   -3   -0.000000 -0.000000 -0.000000
   3    4    0    0    3   -0.000000 -0.000000  0.000000
   3    1   -1   -2   -2    0.000577 -0.000457  0.000069
   3    1   -1   -2    3   -0.000577  0.000457  0.000069
   3    1   -1    1   -2   -0.000577 -0.000457 -0.000069
   3    1   -1    1    3    0.000577  0.000457 -0.000069
   3    1    1   -2   -2    0.000577  0.000457 -0.000069
   3    1    1   -2    3   -0.000577 -0.000457 -0.000069
   3    1    1    1   -2   -0.000577  0.000457  0.000069
   3    1    1    1    3    0.000577 -0.000457  0.000069
   3    2   -2   -1   -2    0.000281 -0.001269 -0.000192
   3    2   -2   -1    3   -0.000281  0.001269 -0.000192
   3    2   -2    1   -2   -0.000281 -0.001269  0.000192
   3    2   -2    1    3    0.000281  0.001269  0.000192
   3    2    1   -1   -2    0.000281  0.001269  0.000192
   3    2    1   -1    3   -0.000281 -0.001269  0.000192
   3    2    1    1   -2   -0.000281  0.001269 -0.000192
   3    2    1    1    3    0.000281 -0.001269 -0.000192
   3    1   -1   -3   -1    0.000014 -0.000086  0.000070
   3    1   -1   -3    2   -0.000014  0.000086  0.000070
   3    1   -1    2   -1   -0.000014 -0.000086 -0.000070
   3    1   -1    2    2    0.000014  0.000086 -0.000070
   3    1    1   -3   -1    0.000014  0.000086 -0.000070
   3    1    1   -3    2   -0.000014 -0.000086 -0.000070
   3    1    1    2   -1   -0.000014  0.000086  0.000070
   3    1    1    2    2    0.000014 -0.000086  0.000070
   3    2   -3   -1   -1   -0.000034  0.000067 -0.000140
   3    2   -3   -1    2    0.000034 -0.000067 -0.000140
   3    2   -3    1   -1    0.000034  0.000067  0.000140
   3    2   -3    1    2   -0.000034 -0.000067  0.000140
   3    2    2   -1   -1   -0.000034 -0.000067  0.000140
   3    2    2   -1    2    0.000034  0.000067  0.000140
   3    2    2    1   -1    0.000034 -0.000067 -0.000140
   3    2    2    1    2   -0.000034  0.000067 -0.000140
   3    4   -3   -2   -1   -0.000000 -0.000000  0.000000
   3    4   -3   -2    1   -0.000000 -0.000000 -0.000000
   3    4   -3    1   -1   -0.000000 -0.000000 -0.000000
   3    4   -3    1    1   -0.000000 -0.000000  0.000000
   3    4   -2   -3   -1    0.000000 -0.000000  0.000000
   3    4   -2   -3    1    0.000000 -0.000000 -0.000000
   3    4   -2    2   -1    0.000000  0.000000  0.000000
   3    4   -2    2    1   -0.000000  0.000000 -0.000000
   3    4    1   -3   -1    0.000000 -0.000000  0.000000
   3    4    1   -3    1   -0.000000 -0.000000 -0.000000
   3    4    1    2   -1   -0.000000  0.000000  0.000000
   3    4    1    2    1   -0.000000  0.000000 -0.000000
   3    4    2   -2   -1    0.000000  0.000000 -0.000000
   3    4    2   -2    1    0.000000  0.000000  0.000000
   3    4    2    1   -1    0.000000  0.000000  0.000000
   3    4    2    1    1    0.000000  0.000000 -0.000000
   3    1   -3   -1    0   -0.000118  0.000070 -0.000363
   3    1   -3   -1    1    0.000118 -0.000070 -0.000363
   3    1   -3    0    0    0.000118  0.000070  0.000363
   3    1   -3    0    1   -0.000118 -0.000070  0.000363
   3    1    3   -1    0   -0.000118 -0.000070  0.000363
   3    1    3   -1    1    0.000118  0.000070  0.000363
   3    1    3    0    0    0.000118 -0.000070 -0.000363
   3    1    3    0    1   -0.000118  0.000070 -0.000363
   3    2   -1   -3    0   -0.000179  0.000365  0.000378
   3    2   -1   -3    1    0.000179 -0.000365  0.000378
   3    2   -1    3    0    0.000179  0.000365 -0.000378
   3    2   -1    3    1   -0.000179 -0.000365 -0.000378
   3    2    0   -3    0   -0.000179 -0.000365 -0.000378
   3    2    0   -3    1    0.000179  0.000365 -0.000378
   3    2    0    3    0    0.000179 -0.000365  0.000378
   3    2    0    3    1   -0.000179  0.000365  0.000378
   3    3   -1    0   -3    0.000000 -0.000000 -0.000000
   3    3   -1    0    3    0.000000 -0.000000  0.000000
   3    3    0   -1   -3   -0.000000 -0.000000 -0.000000
   3    3    0   -1    3   -0.000000 -0.000000 -0.000000
   3    3    0    1   -3    0.000000  0.000000  0.000000
   3    3    0    1    3    0.000000  0.000000  0.000000
   3    3    1    0   -3   -0.000000  0.000000 -0.000000
   3    3    1    0    3   -0.000000  0.000000  0.000000
   3    3   -3    0   -1    0.000000  0.000000  0.000000
   3    3   -3    0    1    0.000000  0.000000 -0.000000
   3    3    0   -3   -1   -0.000000  0.000000  0.000000
   3    3    0   -3    1   -0.000000  0.000000 -0.000000
   3    3    0    3   -1    0.000000 -0.000000  0.000000
   3    3    0    3    1    0.000000 -0.000000 -0.000000
   3    3    3    0   -1   -0.000000 -0.000000  0.000000
   3    3    3    0    1   -0.000000 -0.000000 -0.000000
   3    3   -3   -1    0   -0.000000  0.000000  0.000000
   3    3   -3    1    0    0.000000  0.000000 -0.000000
   3    3   -1   -3    0    0.000000  0.000000 -0.000000
   3    3   -1    3    0    0.000000 -0.000000  0.000000
   3    3    1   -3    0   -0.000000  0.000000 -0.000000
   3    3    1    3    0   -0.000000 -0.000000  0.000000
   3    3    3   -1    0   -0.000000 -0.000000  0.000000
   3    3    3    1    0    0.000000 -0.000000 -0.000000
   3    1   -2   -1   -2   -0.000280 -0.000891  0.000158
   3    1   -2   -1    3    0.000280  0.000891  0.000158
   3    1   -2    0   -2    0.000280 -0.000891 -0.000158
   3    1   -2    0    3   -0.000280  0.000891 -0.000158
   3    1    2   -1   -2   -0.000280  0.000891 -0.000158
   3    1    2   -1    3    0.000280 -0.000891 -0.000158
   3    1    2    0   -2    0.000280  0.000891  0.000158
   3    1    2    0    3   -0.000280 -0.000891  0.000158
   3    2   -1   -2   -2    0.000402  0.000611 -0.000084
   3    2   -1   -2    3   -0.000402 -0.000611 -0.000084
   3    2   -1    2   -2   -0.000402  0.000611  0.000084
   3    2   -1    2    3    0.000402 -0.000611  0.000084
   3    2    0   -2   -2    0.000402 -0.000611  0.000084
   3    2    0   -2    3   -0.000402  0.000611  0.000084
   3    2    0    2   -2   -0.000402 -0.000611 -0.000084
   3    2    0    2    3    0.000402  0.000611 -0.000084
   3    4   -3   -1   -2    0.000000  0.000000  0.000000
   3    4   -3   -1    2    0.000000  0.000000 -0.000000
   3    4   -3    0   -2   -0.000000  0.000000  0.000000
   3    4   -3    0    2    0.000000  0.000000 -0.000000
   3    4   -1   -3   -2   -0.000000  0.000000 -0.000000
   3    4   -1   -3    2   -0.000000  0.000000  0.000000
   3    4   -1    2   -2    0.000000 -0.000000 -0.000000
   3    4   -1    2    2   -0.000000 -0.000000  0.000000
   3    4    0   -3   -2    0.000000  0.000000 -0.000000
   3    4    0   -3    2   -0.000000  0.000000  0.000000
   3    4    0    2   -2    0.000000 -0.000000 -0.000000
   3    4    0    2    2    0.000000 -0.000000  0.000000
   3    4    2   -1   -2   -0.000000 -0.000000  0.000000
   3    4    2   -1    2    0.000000 -0.000000 -0.000000
   3    4    2    0   -2   -0.000000 -0.000000  0.000000
   3    4    2    0    2   -0.000000 -0.000000 -0.000000
   3    1   -2   -3    0   -0.000791  0.001261 -0.001480
   3    1   -2   -3    1    0.000791 -0.001261 -0.001480
   3    1   -2    2    0    0.000791  0.001261  0.001480
   3    1   -2    2    1   -0.000791 -0.001261  0.001480
   3    1    2   -3    0   -0.000791 -0.001261  0.001480
   3    1    2   -3    1    0.000791  0.001261  0.001480
   3    1    2    2    0    0.000791 -0.001261 -0.001480
   3    1    2    2    1   -0.000791  0.001261 -0.001480
   3    2   -3   -2    0   -0.000660  0.001262  0.001180
   3    2   -3   -2    1    0.000660 -0.001262  0.001180
   3    2   -3    2    0    0.000660  0.001262 -0.001180
   3    2   -3    2    1   -0.000660 -0.001262 -0.001180
   3    2    2   -2    0   -0.000660 -0.001262 -0.001180
   3    2    2   -2    1    0.000660  0.001262 -0.001180
   3    2    2    2    0    0.000660 -0.001262  0.001180
   3    2    2    2    1   -0.000660  0.001262  0.001180
   3    3   -1   -1   -3    0.000000  0.000000  0.000000
   3    3   -1   -1    3    0.000000 -0.000000  0.000000
   3    3   -1    1   -3    0.000000  0.000000 -0.000000
   3    3   -1    1    3    0.000000 -0.000000 -0.000000
   3    3    1   -1   -3   -0.000000  0.000000  0.000000
   3    3    1   -1    3   -0.000000 -0.000000  0.000000
   3    3    1    1   -3   -0.000000  0.000000 -0.000000
   3    3    1    1    3   -0.000000 -0.000000 -0.000000
   3    3   -3   -1   -1   -0.000000 -0.000000 -0.000000
   3    3   -3   -1    1   -0.000000 -0.000000  0.000000
   3    3   -3    1   -1    0.000000  0.000000 -0.000000
   3    3   -3    1    1    0.000000  0.000000 -0.000000
   3    3    3   -1   -1   -0.000000 -0.000000  0.000000
   3    3    3   -1    1   -0.000000 -0.000000  0.000000
   3    3    3    1   -1    0.000000  0.000000 -0.000000
   3    3    3    1    1    0.000000  0.000000  0.000000
   3    3   -1   -3   -1    0.000000 -0.000000 -0.000000
   3    3   -1   -3    1   -0.000000 -0.000000  0.000000
   3    3   -1    3   -1    0.000000 -0.000000 -0.000000
   3    3   -1    3    1    0.000000 -0.000000  0.000000
   3    3    1   -3   -1   -0.000000  0.000000 -0.000000
   3    3    1   -3    1   -0.000000  0.000000  0.000000
   3    3    1    3   -1    0.000000  0.000000 -0.000000
   3    3    1    3    1   -0.000000  0.000000  0.000000
   3    4   -2   -1   -3    0.000000  0.000000 -0.000000
   3    4   -2   -1    3   -0.000000  0.000000 -0.000000
   3    4   -2    0   -3   -0.000000  0.000000  0.000000
   3    4   -2    0    3    0.000000  0.000000  0.000000
   3    4   -1   -2   -3   -0.000000  0.000000 -0.000000
   3    4   -1   -2    3    0.000000  0.000000 -0.000000
   3    4   -1    1   -3    0.000000 -0.000000  0.000000
   3    4   -1    1    3   -0.000000 -0.000000  0.000000
   3    4    0   -2   -3    0.000000  0.000000 -0.000000
   3    4    0   -2    3   -0.000000  0.000000 -0.000000
   3    4    0    1   -3   -0.000000 -0.000000  0.000000
   3    4    0    1    3    0.000000 -0.000000  0.000000
   3    4    1   -1   -3   -0.000000 -0.000000 -0.000000
   3    4    1   -1    3    0.000000 -0.000000 -0.000000
   3    4    1    0   -3    0.000000 -0.000000  0.000000
   3    4    1    0    3   -0.000000 -0.000000  0.000000
   3    1   -3   -1   -1   -0.000085 -0.000282  0.000087
   3    1   -3   -1    2    0.000085  0.000282  0.000087
   3    1   -3    0   -1    0.000085 -0.000282 -0.000087
   3    1   -3    0    2   -0.000085  0.000282 -0.000087
   3    1    3   -1   -1   -0.000085  0.000282 -0.000087
   3    1    3   -1    2    0.000085 -0.000282 -0.000087
   3    1    3    0   -1    0.000085  0.000282  0.000087
   3    1    3    0    2   -0.000085 -0.000282  0.000087
   3    2   -1   -3   -1    0.000208  0.000135 -0.000137
   3    2   -1   -3    2   -0.000208 -0.000135 -0.000137
   3    2   -1    3   -1   -0.000208  0.000135  0.000137
   3    2   -1    3    2    0.000208 -0.000135  0.000137
   3    2    0   -3   -1    0.000208 -0.000135  0.000137
   3    2    0   -3    2   -0.000208  0.000135  0.000137
   3    2    0    3   -1   -0.000208 -0.000135 -0.000137
   3    2    0    3    2    0.000208  0.000135 -0.000137
   3    1   -3   -2    0    0.000258 -0.000585 -0.000457
   3    1   -3   -2    1   -0.000258  0.000585 -0.000457
   3    1   -3    1    0   -0.000258 -0.000585  0.000457
   3    1   -3    1    1    0.000258  0.000585  0.000457
   3    1    3   -2    0    0.000258  0.000585  0.000457
   3    1    3   -2    1   -0.000258 -0.000585  0.000457
   3    1    3    1    0   -0.000258  0.000585 -0.000457
   3    1    3    1    1    0.000258 -0.000585 -0.000457
   3    2   -2   -3    0    0.000351 -0.000453  0.000388
   3    2   -2   -3    1   -0.000351  0.000453  0.000388
   3    2   -2    3    0   -0.000351 -0.000453 -0.000388
   3    2   -2    3    1    0.000351  0.000453 -0.000388
   3    2    1   -3    0    0.000351  0.000453 -0.000388
   3    2    1   -3    1   -0.000351 -0.000453 -0.000388
   3    2    1    3    0   -0.000351  0.000453  0.000388
   3    2    1    3    1    0.000351 -0.000453  0.000388
   3    3   -2   -2   -2   -0.000000 -0.000000 -0.000000
   3    3   -2   -2    2    0.000000 -0.000000  0.000000
   3    3   -2    2   -2    0.000000 -0.000000  0.000000
   3    3   -2    2    2    0.000000  0.000000  0.000000
   3    3    2   -2   -2   -0.000000 -0.000000 -0.000000
   3    3    2   -2    2   -0.000000  0.000000 -0.000000
   3    3    2    2   -2   -0.000000  0.000000 -0.000000
   3    3    2    2    2    0.000000  0.000000  0.000000
   3    1    0   -1   -3   -0.000547 -0.000000  0.000000
   3    1    0   -1    4    0.000547  0.000000  0.000000
   3    1    0    0   -3    0.000547 -0.000000 -0.000000
   3    1    0    0    4   -0.000547  0.000000 -0.000000
   3    2   -1    0   -3   -0.000000  0.000880  0.000000
   3    2   -1    0    4   -0.000000 -0.000880 -0.000000
   3    2    0    0   -3    0.000000 -0.000880  0.000000
   3    2    0    0    4    0.000000  0.000880 -0.000000
   3    1    0   -3   -2    0.000157 -0.000000 -0.000000
   3    1    0   -3    3   -0.000157 -0.000000 -0.000000
   3    1    0    2   -2   -0.000157  0.000000  0.000000
   3    1    0    2    3    0.000157  0.000000  0.000000
   3    2   -3    0   -2   -0.000000 -0.000446  0.000000
   3    2   -3    0    3   -0.000000  0.000446 -0.000000
   3    2    2    0   -2    0.000000  0.000446  0.000000
   3    2    2    0    3    0.000000 -0.000446 -0.000000
   3    1   -2   -2   -2   -0.000129  0.000755  0.000089
   3    1   -2   -2    3    0.000129 -0.000755  0.000089
   3    1   -2    1   -2    0.000129  0.000755 -0.000089
   3    1   -2    1    3   -0.000129 -0.000755 -0.000089
   3    1    2   -2   -2   -0.000129 -0.000755 -0.000089
   3    1    2   -2    3    0.000129  0.000755 -0.000089
   3    1    2    1   -2    0.000129 -0.000755  0.000089
   3    1    2    1    3   -0.000129  0.000755  0.000089
   3    2   -2   -2   -2   -0.000423  0.000251  0.000024
   3    2   -2   -2    3    0.000423 -0.000251  0.000024
   3    2   -2    2   -2    0.000423  0.000251 -0.000024
   3    2   -2    2    3   -0.000423 -0.000251 -0.000024
   3    2    1   -2   -2   -0.000423 -0.000251 -0.000024
   3    2    1   -2    3    0.000423  0.000251 -0.000024
   3    2    1    2   -2    0.000423 -0.000251  0.000024
   3    2    1    2    3   -0.000423  0.000251  0.000024
   3    4   -3   -2   -2   -0.000000 -0.000000  0.000000
   3    4   -3   -2    2    0.000000 -0.000000 -0.000000
   3    4   -3    1   -2   -0.000000 -0.000000 -0.000000
   3    4   -3    1    2   -0.000000 -0.000000  0.000000
   3    4   -2   -3   -2    0.000000 -0.000000 -0.000000
   3    4   -2   -3    2   -0.000000 -0.000000 -0.000000
   3    4   -2    2   -2   -0.000000  0.000000 -0.000000
   3    4   -2    2    2   -0.000000  0.000000  0.000000
   3    4    1   -3   -2    0.000000 -0.000000 -0.000000
   3    4    1   -3    2    0.000000 -0.000000  0.000000
   3    4    1    2   -2    0.000000  0.000000  0.000000
   3    4    1    2    2   -0.000000  0.000000  0.000000
   3    4    2   -2   -2    0.000000  0.000000 -0.000000
   3    4    2   -2    2    0.000000  0.000000  0.000000
   3    4    2    1   -2   -0.000000  0.000000  0.000000
   3    4    2    1    2    0.000000  0.000000 -0.000000
   3    1   -2   -3   -1   -0.000177  0.000118 -0.000021
   3    1   -2   -3    2    0.000177 -0.000118 -0.000021
   3    1   -2    2   -1    0.000177  0.000118  0.000021
   3    1   -2    2    2   -0.000177 -0.000118  0.000021
   3    1    2   -3   -1   -0.000177 -0.000118  0.000021
   3    1    2   -3    2    0.000177  0.000118  0.000021
   3    1    2    2   -1    0.000177 -0.000118 -0.000021
   3    1    2    2    2   -0.000177  0.000118 -0.000021
   3    2   -3   -2   -1   -0.000051  0.000154 -0.000000
   3    2   -3   -2    2    0.000051 -0.000154 -0.000000
   3    2   -3    2   -1    0.000051  0.000154  0.000000
   3    2   -3    2    2   -0.000051 -0.000154  0.000000
   3    2    2   -2   -1   -0.000051 -0.000154  0.000000
   3    2    2   -2    2    0.000051  0.000154  0.000000
   3    2    2    2   -1    0.000051 -0.000154 -0.000000
   3    2    2    2    2   -0.000051  0.000154 -0.000000
   3    1    0   -4    0    0.000160  0.000000  0.000000
   3    1    0   -4    1   -0.000160  0.000000 -0.000000
   3    1    0    3    0   -0.000160 -0.000000  0.000000
   3    1    0    3    1    0.000160 -0.000000 -0.000000
   3    2   -4    0    0    0.000000 -0.000062 -0.000000
   3    2   -4    0    1    0.000000  0.000062  0.000000
   3    2    3    0    0   -0.000000  0.000062 -0.000000
   3    2    3    0    1   -0.000000 -0.000062  0.000000
   3    4   -3   -3    0    0.000000  0.000000  0.000000
   3    4   -3    2    0    0.000000  0.000000 -0.000000
   3    4    2   -3    0   -0.000000 -0.000000  0.000000
   3    4    2    2    0   -0.000000 -0.000000 -0.000000
   3    4   -4   -1    0   -0.000000  0.000000 -0.000000
   3    4   -4    0    0    0.000000 -0.000000  0.000000
   3    4   -1   -4    0    0.000000  0.000000  0.000000
   3    4   -1    3    0    0.000000  0.000000 -0.000000
   3    4    0   -4    0   -0.000000 -0.000000  0.000000
   3    4    0    3    0   -0.000000 -0.000000 -0.000000
   3    4    3   -1    0   -0.000000  0.000000 -0.000000
   3    4    3    0    0    0.000000 -0.000000  0.000000
   3    3   -2    0   -3    0.000000 -0.000000  0.000000
   3    3   -2    0    3    0.000000  0.000000 -0.000000
   3    3    0   -2   -3   -0.000000 -0.000000 -0.000000
   3    3    0   -2    3   -0.000000  0.000000 -0.000000
   3    3    0    2   -3    0.000000 -0.000000  0.000000
   3    3    0    2    3    0.000000  0.000000  0.000000
   3    3    2    0   -3   -0.000000 -0.000000  0.000000
   3    3    2    0    3   -0.000000  0.000000 -0.000000
   3    3   -3    0   -2    0.000000 -0.000000  0.000000
   3    3   -3    0    2    0.000000 -0.000000 -0.000000
   3    3    0   -3   -2   -0.000000 -0.000000 -0.000000
   3    3    0   -3    2   -0.000000 -0.000000  0.000000
   3    3    0    3   -2    0.000000  0.000000 -0.000000
   3    3    0    3    2    0.000000  0.000000  0.000000
   3    3    3    0   -2   -0.000000  0.000000  0.000000
   3    3    3    0    2   -0.000000  0.000000 -0.000000
   3    3   -3   -2    0   -0.000000 -0.000000 -0.000000
   3    3   -3    2    0   -0.000000 -0.000000  0.000000
   3    3   -2   -3    0   -0.000000 -0.000000 -0.000000
   3    3   -2    3    0   -0.000000  0.000000  0.000000
   3    3    2   -3    0    0.000000 -0.000000 -0.000000
   3    3    2    3    0    0.000000  0.000000  0.000000
   3    3    3   -2    0    0.000000  0.000000 -0.000000
   3    3    3    2    0    0.000000  0.000000  0.000000
   3    1   -1   -1   -3   -0.000110 -0.000466 -0.000021
   3    1   -1   -1    4    0.000110  0.000466 -0.000021
   3    1   -1    0   -3    0.000110 -0.000466  0.000021
   3    1   -1    0    4   -0.000110  0.000466  0.000021
   3    1    1   -1   -3   -0.000110  0.000466  0.000021
   3    1    1   -1    4    0.000110 -0.000466  0.000021
   3    1    1    0   -3    0.000110  0.000466 -0.000021
   3    1    1    0    4   -0.000110 -0.000466 -0.000021
   3    2   -1   -1   -3    0.000256  0.000214 -0.000017
   3    2   -1   -1    4   -0.000256 -0.000214 -0.000017
   3    2   -1    1   -3   -0.000256  0.000214  0.000017
   3    2   -1    1    4    0.000256 -0.000214  0.000017
   3    2    0   -1   -3    0.000256 -0.000214  0.000017
   3    2    0   -1    4   -0.000256  0.000214  0.000017
   3    2    0    1   -3   -0.000256 -0.000214 -0.000017
   3    2    0    1    4    0.000256  0.000214 -0.000017
   3    4   -2   -2   -3    0.000000 -0.000000 -0.000000
   3    4   -2   -2    3   -0.000000  0.000000  0.000000
   3    4   -2    1   -3   -0.000000 -0.000000 -0.000000
   3    4   -2    1    3   -0.000000  0.000000  0.000000
   3    4    1   -2   -3    0.000000 -0.000000 -0.000000
   3    4    1   -2    3    0.000000  0.000000  0.000000
   3    4    1    1   -3    0.000000 -0.000000 -0.000000
   3    4    1    1    3   -0.000000  0.000000  0.000000
   3    1   -1   -3   -2    0.000015 -0.000018 -0.000052
   3    1   -1   -3    3   -0.000015  0.000018 -0.000052
   3    1   -1    2   -2   -0.000015 -0.000018  0.000052
   3    1   -1    2    3    0.000015  0.000018  0.000052
   3    1    1   -3   -2    0.000015  0.000018  0.000052
   3    1    1   -3    3   -0.000015 -0.000018  0.000052
   3    1    1    2   -2   -0.000015  0.000018 -0.000052
   3    1    1    2    3    0.000015 -0.000018 -0.000052
   3    2   -3   -1   -2   -0.000025 -0.000045  0.000040
   3    2   -3   -1    3    0.000025  0.000045  0.000040
   3    2   -3    1   -2    0.000025 -0.000045 -0.000040
   3    2   -3    1    3   -0.000025  0.000045 -0.000040
   3    2    2   -1   -2   -0.000025  0.000045 -0.000040
   3    2    2   -1    3    0.000025 -0.000045 -0.000040
   3    2    2    1   -2    0.000025  0.000045  0.000040
   3    2    2    1    3   -0.000025 -0.000045  0.000040
   3    1   -3   -2   -1    0.000010 -0.000180  0.000054
   3    1   -3   -2    2   -0.000010  0.000180  0.000054
   3    1   -3    1   -1   -0.000010 -0.000180 -0.000054
   3    1   -3    1    2    0.000010  0.000180 -0.000054
   3    1    3   -2   -1    0.000010  0.000180 -0.000054
   3    1    3   -2    2   -0.000010 -0.000180 -0.000054
   3    1    3    1   -1   -0.000010  0.000180  0.000054
   3    1    3    1    2    0.000010 -0.000180  0.000054
   3    2   -2   -3   -1    0.000115  0.000107 -0.000077
   3    2   -2   -3    2   -0.000115 -0.000107 -0.000077
   3    2   -2    3   -1   -0.000115  0.000107  0.000077
   3    2   -2    3    2    0.000115 -0.000107  0.000077
   3    2    1   -3   -1    0.000115 -0.000107  0.000077
   3    2    1   -3    2   -0.000115  0.000107  0.000077
   3    2    1    3   -1   -0.000115 -0.000107 -0.000077
   3    2    1    3    2    0.000115  0.000107 -0.000077
   3    4   -3   -3   -1   -0.000000 -0.000000  0.000000
   3    4   -3   -3    1   -0.000000 -0.000000 -0.000000
   3    4   -3    2   -1   -0.000000  0.000000  0.000000
   3    4   -3    2    1   -0.000000 -0.000000  0.000000
   3    4    2   -3   -1    0.000000  0.000000 -0.000000
   3    4    2   -3    1    0.000000 -0.000000 -0.000000
   3    4    2    2   -1    0.000000  0.000000  0.000000
   3    4    2    2    1    0.000000  0.000000 -0.000000
   3    4   -4   -1   -1    0.000000  0.000000 -0.000000
   3    4   -4   -1    1    0.000000  0.000000  0.000000
   3    4   -4    0   -1   -0.000000  0.000000  0.000000
   3    4   -4    0    1    0.000000  0.000000 -0.000000
   3    4   -1   -4   -1   -0.000000  0.000000  0.000000
   3    4   -1   -4    1   -0.000000  0.000000 -0.000000
   3    4   -1    3   -1   -0.000000 -0.000000  0.000000
   3    4   -1    3    1   -0.000000 -0.000000 -0.000000
   3    4    0   -4   -1    0.000000  0.000000  0.000000
   3    4    0   -4    1    0.000000  0.000000 -0.000000
   3    4    0    3   -1    0.000000 -0.000000  0.000000
   3    4    0    3    1    0.000000 -0.000000 -0.000000
   3    4    3   -1   -1   -0.000000 -0.000000  0.000000
   3    4    3   -1    1    0.000000 -0.000000 -0.000000
   3    4    3    0   -1   -0.000000 -0.000000 -0.000000
   3    4    3    0    1   -0.000000 -0.000000  0.000000
   3    1   -1   -4    0   -0.000181 -0.000120 -0.000297
   3    1   -1   -4    1    0.000181  0.000120 -0.000297
   3    1   -1    3    0    0.000181 -0.000120  0.000297
   3    1   -1    3    1   -0.000181  0.000120  0.000297
   3    1    1   -4    0   -0.000181  0.000120  0.000297
   3    1    1   -4    1    0.000181 -0.000120  0.000297
   3    1    1    3    0    0.000181  0.000120 -0.000297
   3    1    1    3    1   -0.000181 -0.000120 -0.000297
   3    2   -4   -1    0    0.000063  0.000309  0.000338
   3    2   -4   -1    1   -0.000063 -0.000309  0.000338
   3    2   -4    1    0   -0.000063  0.000309 -0.000338
   3    2   -4    1    1    0.000063 -0.000309 -0.000338
   3    2    3   -1    0    0.000063 -0.000309 -0.000338
   3    2    3   -1    1   -0.000063  0.000309 -0.000338
   3    2    3    1    0   -0.000063 -0.000309  0.000338
   3    2    3    1    1    0.000063  0.000309  0.000338
   3    3   -2   -1   -3    0.000000  0.000000 -0.000000
   3    3   -2   -1    3    0.000000 -0.000000 -0.000000
   3    3   -2    1   -3   -0.000000  0.000000  0.000000
   3    3   -2    1    3    0.000000  0.000000  0.000000
   3    3   -1   -2   -3   -0.000000 -0.000000  0.000000
   3    3   -1   -2    3   -0.000000 -0.000000  0.000000
   3    3   -1    2   -3    0.000000 -0.000000 -0.000000
   3    3   -1    2    3    0.000000 -0.000000 -0.000000
   3    3    1   -2   -3   -0.000000  0.000000  0.000000
   3    3    1   -2    3   -0.000000  0.000000  0.000000
   3    3    1    2   -3    0.000000  0.000000 -0.000000
   3    3    1    2    3    0.000000  0.000000 -0.000000
   3    3    2   -1   -3   -0.000000 -0.000000 -0.000000
   3    3    2   -1    3    0.000000 -0.000000 -0.000000
   3    3    2    1   -3   -0.000000  0.000000  0.000000
   3    3    2    1    3   -0.000000 -0.000000  0.000000
   3    3   -3   -1   -2    0.000000  0.000000 -0.000000
   3    3   -3   -1    2    0.000000  0.000000  0.000000
   3    3   -3    1   -2   -0.000000  0.000000 -0.000000
   3    3   -3    1    2   -0.000000  0.000000  0.000000
   3    3    3   -1   -2    0.000000 -0.000000 -0.000000
   3    3    3   -1    2    0.000000 -0.000000  0.000000
   3    3    3    1   -2   -0.000000 -0.000000 -0.000000
   3    3    3    1    2   -0.000000 -0.000000  0.000000
   3    3   -1   -3   -2   -0.000000  0.000000 -0.000000
   3    3   -1   -3    2    0.000000  0.000000 -0.000000
   3    3   -1    3   -2   -0.000000 -0.000000  0.000000
   3    3   -1    3    2   -0.000000 -0.000000  0.000000
   3    3    1   -3   -2    0.000000  0.000000 -0.000000
   3    3    1   -3    2    0.000000  0.000000 -0.000000
   3    3    1    3   -2   -0.000000 -0.000000  0.000000
   3    3    1    3    2    0.000000 -0.000000  0.000000
   3    3   -3   -2   -1    0.000000  0.000000  0.000000
   3    3   -3   -2    1   -0.000000  0.000000 -0.000000
   3    3   -3    2   -1   -0.000000  0.000000  0.000000
   3    3   -3    2    1    0.000000  0.000000 -0.000000
   3    3   -2   -3   -1    0.000000  0.000000 -0.000000
   3    3   -2   -3    1    0.000000  0.000000  0.000000
   3    3   -2    3   -1    0.000000 -0.000000 -0.000000
   3    3   -2    3    1   -0.000000 -0.000000  0.000000
   3    3    2   -3   -1    0.000000  0.000000 -0.000000
   3    3    2   -3    1   -0.000000  0.000000  0.000000
   3    3    2    3   -1   -0.000000 -0.000000 -0.000000
   3    3    2    3    1   -0.000000 -0.000000  0.000000
   3    3    3   -2   -1   -0.000000 -0.000000  0.000000
   3    3    3   -2    1    0.000000 -0.000000 -0.000000
   3    3    3    2   -1    0.000000 -0.000000  0.000000
   3    3    3    2    1   -0.000000 -0.000000 -0.000000
   3    1    0   -2   -3   -0.000105 -0.000000  0.000000
   3    1    0   -2    4    0.000105  0.000000 -0.000000
   3    1    0    1   -3    0.000105 -0.000000  0.000000
   3    1    0    1    4   -0.000105  0.000000 -0.000000
   3    2   -2    0   -3    0.000000  0.000293 -0.000000
   3    2   -2    0    4    0.000000 -0.000293  0.000000
   3    2    1    0   -3   -0.000000 -0.000293 -0.000000
   3    2    1    0    4   -0.000000  0.000293  0.000000
   3    1    0   -4   -1   -0.000113 -0.000000  0.000000
   3    1    0   -4    2    0.000113  0.000000 -0.000000
   3    1    0    3   -1    0.000113 -0.000000  0.000000
   3    1    0    3    2   -0.000113  0.000000 -0.000000
   3    2   -4    0   -1   -0.000000  0.000052  0.000000
   3    2   -4    0    2   -0.000000 -0.000052 -0.000000
   3    2    3    0   -1    0.000000 -0.000052  0.000000
   3    2    3    0    2    0.000000  0.000052 -0.000000
   3    4   -4   -2    0    0.000000  0.000000 -0.000000
   3    4   -4    1    0    0.000000  0.000000  0.000000
   3    4   -2   -4    0    0.000000  0.000000 -0.000000
   3    4   -2    3    0    0.000000 -0.000000  0.000000
   3    4    1   -4    0   -0.000000  0.000000 -0.000000
   3    4    1    3    0   -0.000000 -0.000000  0.000000
   3    4    3   -2    0   -0.000000 -0.000000 -0.000000
   3    4    3    1    0   -0.000000 -0.000000  0.000000
   3    1   -1   -2   -3   -0.000010 -0.000252 -0.000009
   3    1   -1   -2    4    0.000010  0.000252 -0.000009
   3    1   -1    1   -3    0.000010 -0.000252  0.000009
   3    1   -1    1    4   -0.000010  0.000252  0.000009
   3    1    1   -2   -3   -0.000010  0.000252  0.000009
   3    1    1   -2    4    0.000010 -0.000252  0.000009
   3    1    1    1   -3    0.000010  0.000252 -0.000009
   3    1    1    1    4   -0.000010 -0.000252 -0.000009
   3    2   -2   -1   -3    0.000082  0.000042  0.000031
   3    2   -2   -1    4   -0.000082 -0.000042  0.000031
   3    2   -2    1   -3   -0.000082  0.000042 -0.000031
   3    2   -2    1    4    0.000082 -0.000042 -0.000031
   3    2    1   -1   -3    0.000082 -0.000042 -0.000031
   3    2    1   -1    4   -0.000082  0.000042 -0.000031
   3    2    1    1   -3   -0.000082 -0.000042  0.000031
   3    2    1    1    4    0.000082  0.000042  0.000031
   3    4   -3   -1   -3    0.000000 -0.000000  0.000000
   3    4   -3   -1    3   -0.000000 -0.000000  0.000000
   3    4   -3    0   -3   -0.000000 -0.000000 -0.000000
   3    4   -3    0    3    0.000000 -0.000000 -0.000000
   3    4   -1   -3   -3   -0.000000 -0.000000  0.000000
   3    4   -1   -3    3    0.000000 -0.000000 -0.000000
   3    4   -1    2   -3    0.000000  0.000000  0.000000
   3    4   -1    2    3   -0.000000  0.000000  0.000000
   3    4    0   -3   -3    0.000000 -0.000000 -0.000000
   3    4    0   -3    3   -0.000000 -0.000000 -0.000000
   3    4    0    2   -3   -0.000000  0.000000  0.000000
   3    4    0    2    3    0.000000  0.000000 -0.000000
   3    4    2   -1   -3   -0.000000  0.000000  0.000000
   3    4    2   -1    3    0.000000  0.000000  0.000000
   3    4    2    0   -3    0.000000  0.000000 -0.000000
   3    4    2    0    3   -0.000000  0.000000 -0.000000
   3    1   -3   -1   -2   -0.000053 -0.000186  0.000076
   3    1   -3   -1    3    0.000053  0.000186  0.000076
   3    1   -3    0   -2    0.000053 -0.000186 -0.000076
   3    1   -3    0    3   -0.000053  0.000186 -0.000076
   3    1    3   -1   -2   -0.000053  0.000186 -0.000076
   3    1    3   -1    3    0.000053 -0.000186 -0.000076
   3    1    3    0   -2    0.000053  0.000186  0.000076
   3    1    3    0    3   -0.000053 -0.000186  0.000076
   3    2   -1   -3   -2    0.000176  0.000131 -0.000055
   3    2   -1   -3    3   -0.000176 -0.000131 -0.000055
   3    2   -1    3   -2   -0.000176  0.000131  0.000055
   3    2   -1    3    3    0.000176 -0.000131  0.000055
   3    2    0   -3   -2    0.000176 -0.000131  0.000055
   3    2    0   -3    3   -0.000176  0.000131  0.000055
   3    2    0    3   -2   -0.000176 -0.000131 -0.000055
   3    2    0    3    3    0.000176  0.000131 -0.000055
   3    1   -1   -4   -1   -0.000023  0.000029  0.000031
   3    1   -1   -4    2    0.000023 -0.000029  0.000031
   3    1   -1    3   -1    0.000023  0.000029 -0.000031
   3    1   -1    3    2   -0.000023 -0.000029 -0.000031
   3    1    1   -4   -1   -0.000023 -0.000029 -0.000031
   3    1    1   -4    2    0.000023  0.000029 -0.000031
   3    1    1    3   -1    0.000023 -0.000029  0.000031
   3    1    1    3    2   -0.000023  0.000029  0.000031
   3    2   -4   -1   -1    0.000039  0.000011 -0.000038
   3    2   -4   -1    2   -0.000039 -0.000011 -0.000038
   3    2   -4    1   -1   -0.000039  0.000011  0.000038
   3    2   -4    1    2    0.000039 -0.000011  0.000038
   3    2    3   -1   -1    0.000039 -0.000011  0.000038
   3    2    3   -1    2   -0.000039  0.000011  0.000038
   3    2    3    1   -1   -0.000039 -0.000011 -0.000038
   3    2    3    1    2    0.000039  0.000011 -0.000038
   3    4   -4   -2   -1    0.000000  0.000000  0.000000
   3    4   -4   -2    1    0.000000  0.000000 -0.000000
   3    4   -4    1   -1   -0.000000 -0.000000 -0.000000
   3    4   -4    1    1   -0.000000 -0.000000  0.000000
   3    4   -2   -4   -1   -0.000000  0.000000  0.000000
   3    4   -2   -4    1   -0.000000  0.000000 -0.000000
   3    4   -2    3   -1   -0.000000  0.000000  0.000000
   3    4   -2    3    1   -0.000000  0.000000 -0.000000
   3    4    1   -4   -1    0.000000 -0.000000  0.000000
   3    4    1   -4    1    0.000000 -0.000000 -0.000000
   3    4    1    3   -1    0.000000 -0.000000  0.000000
   3    4    1    3    1    0.000000 -0.000000 -0.000000
   3    4    3   -2   -1    0.000000  0.000000 -0.000000
   3    4    3   -2    1    0.000000  0.000000  0.000000
   3    4    3    1   -1   -0.000000 -0.000000  0.000000
   3    4    3    1    1   -0.000000 -0.000000 -0.000000
   3    1   -3   -3    0    0.000257 -0.000619 -0.000473
   3    1   -3   -3    1   -0.000257  0.000619 -0.000473
   3    1   -3    2    0   -0.000257 -0.000619  0.000473
   3    1   -3    2    1    0.000257  0.000619  0.000473
   3    1    3   -3    0    0.000257  0.000619  0.000473
   3    1    3   -3    1   -0.000257 -0.000619  0.000473
   3    1    3    2    0   -0.000257  0.000619 -0.000473
   3    1    3    2    1    0.000257 -0.000619 -0.000473
   3    2   -3   -3    0    0.000374 -0.000450  0.000576
   3    2   -3   -3    1   -0.000374  0.000450  0.000576
   3    2   -3    3    0   -0.000374 -0.000450 -0.000576
   3    2   -3    3    1    0.000374  0.000450 -0.000576
   3    2    2   -3    0    0.000374  0.000450 -0.000576
   3    2    2   -3    1   -0.000374 -0.000450 -0.000576
   3    2    2    3    0   -0.000374  0.000450  0.000576
   3    2    2    3    1    0.000374 -0.000450  0.000576
   3    3    0    0   -4    0.000000  0.000000 -0.000000
   3    3    0    0    4   -0.000000 -0.000000  0.000000
   3    4   -1   -1   -4    0.000000  0.000000 -0.000000
   3    4   -1   -1    4   -0.000000  0.000000 -0.000000
   3    4   -1    0   -4   -0.000000  0.000000  0.000000
   3    4   -1    0    4    0.000000 -0.000000  0.000000
   3    4    0   -1   -4   -0.000000  0.000000 -0.000000
   3    4    0   -1    4    0.000000 -0.000000 -0.000000
   3    4    0    0   -4    0.000000 -0.000000  0.000000
   3    4    0    0    4   -0.000000 -0.000000  0.000000
   3    3   -4    0    0    0.000000  0.000000  0.000000
   3    3    0   -4    0   -0.000000 -0.000000 -0.000000
   3    3    0    4    0    0.000000  0.000000  0.000000
   3    3    4    0    0   -0.000000 -0.000000 -0.000000
